9.999999999999995871e-04
2.999999999999998761e-03
1.999999999999999174e-03
9.999999999999995871e-04
9.999999999999995871e-04
9.999999999999995871e-04
4.999999999999997502e-03
9.999999999999995871e-04
2.999999999999998761e-03
7.999999999999996697e-03
9.999999999999995871e-04
2.900000000000000494e-02
2.200000000000000219e-02
2.999999999999998761e-03
1.099999999999999763e-02
1.600000000000000033e-02
9.999999999999995871e-04
1.700000000000000122e-02
3.600000000000001116e-02
2.999999999999998761e-03
9.999999999999995871e-04
9.999999999999995871e-04
9.999999999999995871e-04
9.999999999999995871e-04
9.999999999999995871e-04
3.999999999999998349e-03
1.999999999999999174e-03
1.099999999999999763e-02
2.200000000000000219e-02
2.400000000000000397e-02
9.999999999999995871e-04
9.999999999999995871e-04
9.999999999999995871e-04
3.999999999999998349e-03
5.999999999999997523e-03
2.999999999999998761e-03
1.299999999999999940e-02
2.999999999999998761e-03
2.999999999999998761e-03
1.600000000000000033e-02
1.999999999999999174e-03
9.999999999999996739e-03
2.999999999999998761e-03
9.999999999999995871e-04
9.999999999999995871e-04
1.999999999999999174e-03
1.199999999999999852e-02
2.999999999999998761e-03
6.999999999999996676e-03
1.999999999999999174e-03
2.999999999999998761e-03
1.999999999999999174e-03
4.999999999999997502e-03
9.999999999999995871e-04
5.999999999999997523e-03
9.999999999999995871e-04
4.999999999999997502e-03
3.999999999999998349e-03
8.999999999999997585e-03
9.999999999999995871e-04
3.999999999999998349e-03
9.999999999999995871e-04
9.999999999999995871e-04
1.999999999999999174e-03
7.999999999999996697e-03
1.999999999999999174e-03
5.999999999999997523e-03
3.999999999999998349e-03
1.800000000000000211e-02
2.999999999999998761e-03
2.999999999999998761e-03
6.999999999999996676e-03
2.999999999999998761e-03
8.999999999999997585e-03
1.999999999999999174e-03
6.999999999999996676e-03
2.999999999999998761e-03
6.999999999999996676e-03
6.999999999999996676e-03
2.900000000000000494e-02
9.999999999999996739e-03
1.999999999999999174e-03
9.999999999999995871e-04
9.999999999999995871e-04
8.999999999999997585e-03
8.999999999999997585e-03
5.999999999999997523e-03
1.099999999999999763e-02
2.999999999999998761e-03
1.999999999999999174e-03
1.999999999999999174e-03
4.999999999999997502e-03
9.999999999999995871e-04
2.999999999999998761e-03
1.199999999999999852e-02
1.999999999999999174e-03
9.999999999999995871e-04
9.999999999999995871e-04
9.999999999999995871e-04
9.999999999999995871e-04
9.999999999999995871e-04
2.999999999999998761e-03
7.999999999999996697e-03
3.400000000000000938e-02
2.800000000000000405e-02
3.999999999999998349e-03
2.999999999999998761e-03
1.999999999999999174e-03
3.999999999999998349e-03
9.999999999999995871e-04
9.999999999999995871e-04
9.999999999999995871e-04
9.999999999999996739e-03
6.999999999999996676e-03
9.999999999999995871e-04
3.999999999999998349e-03
9.999999999999995871e-04
9.999999999999995871e-04
1.999999999999999174e-03
1.299999999999999940e-02
2.999999999999998761e-03
1.999999999999999174e-03
1.299999999999999940e-02
7.999999999999996697e-03
2.100000000000000130e-02
2.200000000000000219e-02
4.999999999999997502e-03
1.999999999999999174e-03
2.999999999999998761e-03
5.999999999999997523e-03
9.999999999999995871e-04
5.999999999999997523e-03
9.999999999999996739e-03
3.999999999999998349e-03
9.999999999999995871e-04
1.999999999999999174e-03
7.999999999999996697e-03
3.999999999999998349e-03
1.999999999999999174e-03
5.999999999999997523e-03
8.999999999999997585e-03
8.999999999999997585e-03
3.999999999999998349e-03
6.999999999999996676e-03
2.999999999999998761e-03
1.099999999999999763e-02
9.999999999999995871e-04
9.999999999999995871e-04
9.999999999999995871e-04
1.999999999999999174e-03
9.999999999999995871e-04
9.999999999999995871e-04
6.999999999999996676e-03
1.999999999999999174e-03
1.099999999999999763e-02
1.099999999999999763e-02
3.999999999999998349e-03
9.999999999999995871e-04
9.999999999999995871e-04
5.999999999999997523e-03
2.999999999999998761e-03
1.999999999999999174e-03
9.999999999999995871e-04
6.999999999999996676e-03
9.999999999999995871e-04
2.300000000000000308e-02
2.300000000000000308e-02
2.999999999999998761e-03
2.999999999999998761e-03
6.999999999999996676e-03
2.999999999999998761e-03
