2.947333333333333489e-03
1.414666666666666720e-03
1.123000000000000040e-02
2.083399999999999835e-02
6.813333333333333785e-04
1.453999999999999997e-03
2.089333333333333233e-03
1.283266666666666583e-02
0.000000000000000000e+00
1.893600000000000144e-02
1.140666666666666565e-03
1.965533333333333368e-02
2.709866666666666674e-02
1.182933333333333406e-02
1.935333333333333393e-03
3.979800000000000004e-02
0.000000000000000000e+00
9.821199999999999375e-02
5.900000000000000296e-04
4.279999999999999950e-04
1.477866666666666738e-02
1.521400000000000009e-02
1.351333333333333379e-02
9.915999999999999467e-03
1.561066666666666679e-02
3.677533333333333349e-02
1.969399999999999970e-02
3.321400000000000047e-02
1.266666666666666680e-05
6.191999999999999588e-03
3.992799999999999822e-02
1.523133333333333284e-02
4.526666666666666469e-04
1.860799999999999954e-02
0.000000000000000000e+00
5.770866666666666506e-02
5.198066666666666807e-02
5.132666666666666454e-03
0.000000000000000000e+00
4.653333333333333323e-04
4.006666666666667057e-03
0.000000000000000000e+00
7.093333333333333001e-04
3.999999999999999819e-06
1.066666666666666664e-04
1.007999999999999998e-03
1.873333333333333242e-04
2.815600000000000047e-02
1.460666666666666754e-03
1.666666666666666747e-05
5.086666666666666420e-03
1.279999999999999942e-04
2.278666666666666688e-03
2.910666666666666871e-03
4.960000000000000216e-04
1.248266666666666622e-02
2.841333333333333211e-02
1.989600000000000049e-02
1.324000000000000090e-03
1.291999999999999963e-03
2.232666666666666654e-03
2.694000000000000214e-03
3.075666666666666826e-02
0.000000000000000000e+00
1.557333333333333313e-02
7.039999999999999817e-04
6.852666666666666628e-03
2.069333333333333181e-03
1.015999999999999976e-03
6.840000000000000377e-04
2.014000000000000165e-03
7.333333333333333143e-06
2.028599999999999848e-02
8.679999999999999565e-04
2.666666666666666659e-05
6.331533333333333458e-02
5.333333333333333657e-06
1.399999999999999979e-05
0.000000000000000000e+00
1.373333333333333285e-04
3.999999999999999819e-06
0.000000000000000000e+00
1.200000000000000030e-05
1.946666666666666641e-04
1.481333333333333287e-02
7.753333333333333865e-04
1.000000000000000048e-04
3.800000000000000209e-05
3.052000000000000025e-03
0.000000000000000000e+00
3.996600000000000152e-02
3.225800000000000195e-02
0.000000000000000000e+00
1.157933333333333384e-02
0.000000000000000000e+00
1.248666666666666588e-03
2.666666666666666828e-06
0.000000000000000000e+00
0.000000000000000000e+00
9.201333333333333933e-03
