3.089333333333333254e-03
1.413999999999999892e-03
1.133333333333333415e-02
2.084866666666666812e-02
6.419999999999999925e-04
1.467999999999999904e-03
2.088666666666666623e-03
1.280599999999999968e-02
0.000000000000000000e+00
1.878733333333333297e-02
1.142000000000000003e-03
1.959133333333333213e-02
2.694133333333333449e-02
1.166799999999999955e-02
2.013333333333333121e-03
3.984266666666666512e-02
0.000000000000000000e+00
9.868466666666667053e-02
6.206666666666667189e-04
3.913333333333333225e-04
1.467533333333333363e-02
1.526800000000000032e-02
1.348000000000000066e-02
9.886666666666666867e-03
1.558599999999999916e-02
3.662133333333333213e-02
1.952333333333333351e-02
3.300933333333333497e-02
6.666666666666666647e-06
6.174666666666666845e-03
4.005333333333333662e-02
1.527866666666666609e-02
4.306666666666666542e-04
1.867066666666666527e-02
6.666666666666667071e-07
5.752600000000000074e-02
5.163133333333333463e-02
5.062666666666666704e-03
0.000000000000000000e+00
4.519999999999999821e-04
3.995333333333333375e-03
0.000000000000000000e+00
7.826666666666666451e-04
1.999999999999999909e-06
7.799999999999999859e-05
9.593333333333333053e-04
2.013333333333333392e-04
2.824600000000000027e-02
1.539999999999999919e-03
1.399999999999999979e-05
5.029999999999999749e-03
1.146666666666666711e-04
2.231333333333333432e-03
3.021333333333333336e-03
4.893333333333333736e-04
1.260799999999999942e-02
2.833000000000000101e-02
2.004666666666666749e-02
1.369999999999999907e-03
1.294000000000000011e-03
2.145333333333333294e-03
2.661333333333333259e-03
3.093666666666666787e-02
0.000000000000000000e+00
1.570933333333333209e-02
7.406666666666667084e-04
6.841333333333332947e-03
2.122666666666666799e-03
1.026666666666666613e-03
6.793333333333333298e-04
2.036000000000000049e-03
9.333333333333332629e-06
2.027933333333333324e-02
8.913333333333333872e-04
3.333333333333333493e-05
6.294066666666667254e-02
6.666666666666666647e-06
2.133333333333333463e-05
0.000000000000000000e+00
1.413333333333333444e-04
6.666666666666666647e-06
0.000000000000000000e+00
1.066666666666666731e-05
1.966666666666666585e-04
1.490066666666666623e-02
7.600000000000000418e-04
8.733333333333333291e-05
4.466666666666666366e-05
3.010000000000000089e-03
0.000000000000000000e+00
4.040333333333333277e-02
3.236800000000000094e-02
0.000000000000000000e+00
1.135466666666666742e-02
0.000000000000000000e+00
1.266666666666666592e-03
2.666666666666666828e-06
0.000000000000000000e+00
0.000000000000000000e+00
9.301333333333333328e-03
