-4.167589536246982806e-01 -7.384333868034057557e-01 6.356854569257639476e-01 -1.727718072042114583e+00 -1.900162038436119749e+00 1.816241737158254876e+00 7.216753160322597616e-01 1.452969509820329908e+00 3.273567645587525554e+00 -3.023932220820811256e+00 5.937388177935211120e-01 4.043308210786742407e+00 -1.507637651774099030e+00 1.635497192386153209e+00 9.556625654526537117e-01 2.548113259524042107e+00 -1.336925758400004494e+00 -2.174951783081461087e+00 3.273160369077444121e-01 2.582713312811707684e+00
4.769546371384972838e-01 8.637844279287560934e-01 -7.437030984977319736e-01 1.127788832930311846e+00 2.238997537742309252e+00 1.897660777856940983e+00 6.606860438374385636e-01 1.090964796753971733e+00 1.933169284777119357e+00 4.822430338766545255e+00 -2.570509519558389133e+00 -1.867859818858460308e+00 -1.689333296200357104e+00 -1.809557495230343482e+00 4.422017290796614319e-01 1.200473764444968783e+00 2.496485118809150805e+00 3.060658428953211274e+00 2.031598786016514779e+00 -1.150609042601458132e+00
-5.639663456105702410e-01 3.535740022840247465e-02 1.116413745537552904e+00 6.649482012860110508e-03 -3.050293076065331288e+00 -8.366053038744324377e-01 4.614831282568681026e+00 -1.811665094059784042e+00 -1.959087791169092041e+00 -1.845487996703651934e-01 -3.416979437012205856e-01 -1.143441783357246555e+00 -1.313781775226604775e+00 5.493158458226562457e-01 -1.668467762771308704e+00 -2.188323276807989881e+00 -1.795765228177027550e+00 -3.052934531090364612e+00 -1.934412612591514424e+00 1.327319776604742874e-01
2.012805071149533109e+00 -1.635266752200420726e+00 6.465582022125239137e-01 -2.544376966938977969e+00 2.350008236058060085e+00 -2.320772297181638244e+00 -3.800266480439439265e-01 -3.139560089568296797e-01 -1.837251378597174245e+00 -1.945136054923244151e+00 -1.049738002856536401e+00 2.179799560521232582e+00 2.159899767090025513e+00 -7.511607559854670546e-01 -2.656556613277651080e-02 2.191341982758244100e+00 2.260378959551776923e+00 3.653688418488585388e-01 8.722292542208012200e-01 2.512511935546847486e+00
-2.509880754562468508e-01 -4.046474126956686845e+00 5.109605477355324332e+00 -9.339284852038078899e-01 -9.798698881940124394e-01 1.392223417511682992e+00 3.033694879172166292e-01 -2.521810127744565477e+00 9.291928274548475475e-01 -2.054947857742145167e+00 -2.589804915999307955e+00 -2.912462246188960435e+00 -5.453972807651552568e-02 3.999524398702088424e-01 1.838599560916072406e-01 -1.963926821463230832e+00 1.542378530655392321e+00 1.550136259876655487e+00 -1.633941915163136471e+00 -5.424421826330833030e-01
-1.247625155443381484e+00 -8.545352169075869364e-01 -2.440627181392264755e-01 -1.109695600265727222e+00 2.849273344946060771e+00 1.597095068434577492e+00 -1.678183701624596180e+00 2.771302562256636737e+00 -2.758733746005678888e+00 -2.419963382920202188e-01 1.743307459483705690e+00 -1.740699026154032492e+00 -2.689311410341028719e+00 -3.668542284138678333e+00 -1.341246433312082598e+00 -2.445452902041102661e+00 -1.605073188693370456e+00 -2.840815573597791133e+00 1.545738380289046976e+00 -1.199406089609201143e+00
4.449546464955685954e-01 -3.781326857784438333e-01 -7.860124235877427035e-01 4.362115248738410167e-01 8.103975260644868950e-01 5.465242307987400183e-01 -3.090199428364929890e+00 -7.932340502320434084e-01 -2.197747979765120319e-01 3.182938342578193414e+00 2.298862222855594606e+00 -1.731111982315248543e+00 4.299333409025419606e+00 -2.481347428502910013e+00 -1.014618954844831666e+00 2.169310058813165298e+00 9.555001618323417656e-01 -6.403367565380685411e-01 -2.909913013836054052e+00 -2.272192014905183299e+00
-6.250792694686883033e-01 -8.107210588670357154e-01 -5.854286266261511384e-01 -2.372926725703624132e-02 3.861406888551836669e+00 1.072839386239183568e-01 -5.563057397556850914e-01 -3.024025127379322164e+00 -2.116515725218182986e+00 6.369616951841748920e-01 5.701901216984132104e-01 -1.307364652791867421e+00 7.255770035636052162e-01 2.900925078442689653e+00 1.732765162890415489e+00 1.308786633194815474e+00 -1.861759657845452054e+00 -3.234907922814336256e+00 1.289830897874488347e+00 1.777272077123747573e+00
-1.923529229964192178e+00 1.174949039283695429e+00 -9.277228348528903101e-01 -5.433242734942617780e+00 -1.136078005373929889e+00 -9.710961898104386592e-01 1.663525532470337076e+00 -1.286628498603756970e-02 -1.048172980509271879e+00 -1.915507406064941964e+00 2.222457354670381413e+00 2.892702932935570459e+00 -3.431330001759455683e+00 7.353557276150246569e-01 -1.715223103370948410e+00 -3.961008280704405582e-01 3.508196735502719488e+00 2.160216041155949451e+00 7.960189250750166146e+00 -2.062893988145527047e+00
1.043854593186976043e+00 -1.757303801293009116e+00 -3.200552811579041812e+00 -1.535539876785162905e+00 -2.658748105109680182e+00 1.420989734217133815e+00 3.059358499358305838e+00 1.979441998773286304e+00 -1.978604904466934489e+00 -1.992369137107851573e+00 1.076969781303507956e+00 -2.988841588151422091e+00 -1.146384426973933168e+00 -6.928673224478002490e-01 -5.000555826687248517e-01 -1.901795255329998269e-01 -9.589041357871549986e-02 -1.047354419825771599e+00 -5.804834539659122772e-01 1.435018732543458464e+00
-1.192162001633114476e+00 4.471993431571096300e-01 2.906682823287169093e+00 -4.126494134733760255e+00 -6.330055229969602237e-01 1.312424935840534657e+00 3.257188019494304809e-01 1.827622938327396307e+00 1.409281377922800171e+00 3.772720221015438913e+00 3.075103346732244169e+00 1.375622460594220886e+00 -1.444323608417475147e-01 8.063877807166159872e-01 6.385699919348960529e-01 -3.365971496411288122e+00 -1.209004574586371339e+00 2.081443554664739182e+00 4.329820188569149519e-01 2.312339106672548272e+00
-1.678079229264809236e+00 4.673004869199438582e-01 -6.800579609456818275e-01 1.314576434609381783e+00 2.596937158031170423e+00 3.280955613662591475e+00 -2.352936897368496538e+00 1.360788299408949520e+00 3.087180544474693589e-01 -2.908243333041302114e-01 2.717570498540427870e+00 -1.310936261982010853e+00 -1.588900941705891245e+00 4.227978363258534933e-01 3.296613783011570042e+00 1.011945103677678093e+00 5.171880663192286454e-01 -6.912503081253910109e-01 -1.971048686205856271e+00 -1.886980544900014323e+00
3.227821573870994776e+00 1.284544693476018518e+00 9.690114821338107198e-01 3.865371136269319496e+00 -2.315734500509564420e+00 1.703848373067538224e+00 -4.524288540633606415e-01 -9.194135808181320701e-01 2.790878276557216431e+00 4.058600253818543946e-01 1.539551590113689805e+00 -1.327213143281412489e+00 2.711020377019355831e-01 -1.214408757165177599e+00 -3.900859843625558709e-01 7.584301935564691233e-01 4.348522586126013501e-01 4.127075723526776874e-01 -1.620127438335910997e+00 1.884185669286223108e+00
5.174476951959160465e-01 2.663611019139629499e-01 -1.196113645604145015e+00 2.315178267264960343e+00 -2.657981952516359048e+00 -4.826705201643469723e-01 1.188972641785987383e+00 9.460815347842548295e-01 7.050834421196968682e-01 3.904893870838772596e+00 2.027782590735287549e+00 -1.192735424458228888e+00 6.005690697195124050e-01 2.311065949432136168e+00 2.599354549718635887e+00 -1.427147457741287928e+00 -3.203805503455423587e+00 1.610839081029055819e+00 8.738292593320695634e-01 -6.062916754098941485e-01
-4.637679104497756111e-01 -3.391689610209848382e+00 -1.329332025959493846e+00 -1.687919730990273814e+00 -1.881468529446878257e+00 2.911157599602660628e+00 2.537562860533043585e-01 -1.043259434004898845e+00 -5.832722921331434662e-01 -2.967796301469081133e+00 3.888452911042414861e+00 2.071790767896942054e+00 5.347074485527042453e-04 2.293215132494842157e-01 -3.786223309985417007e-01 2.784926175156772765e-01 -1.962409398088633461e+00 4.283865326861855394e+00 5.593361649232306831e-01 -6.455725456008307162e-02
4.097207873581836246e+00 1.829153327576752641e+00 3.907231624632288569e-01 -1.528770233265820400e+00 1.402494433578055588e+00 -3.469787756112837074e-01 2.438084790310987682e+00 9.797851727058043414e-01 4.252490049569686015e-01 -2.227561175372566371e+00 -1.507337545268376822e+00 2.906611114677432606e-01 -2.510660236606628626e+00 5.250722667619109885e-01 8.131720786699035974e-01 1.186900849852813300e+00 2.319369241119227709e+00 -5.296335536451395321e-01 5.437341890678828449e-01 1.225116057330034591e+00
1.457595114788073076e-01 -1.720930604326743829e+00 1.495317715445165563e+00 -4.149636463554372767e+00 3.641316420079228955e+00 8.031942556877189610e-01 3.062769634572863442e+00 4.440716823749155218e+00 -1.975323011754789526e+00 5.306349502091366466e-01 -2.202337541812400712e+00 2.503140025377667000e-01 4.157854604014591615e+00 -1.837237476193641361e-01 -2.001179732013676826e+00 2.048680158542521834e-01 -4.171067486515420697e+00 6.054898171058002987e+00 -1.702388537423388026e+00 3.526138393935045467e-01
2.039045237868489513e-01 2.083531694692946912e-01 -9.164977962746037043e-01 -6.154622144789595461e-01 4.443800435319441022e-01 -3.310231667416418944e+00 -7.248678484549839762e-01 -2.345574725267212113e+00 9.116010989748867255e-01 3.860500383962173654e+00 -5.102776580074814827e-01 -6.425914421715788194e-01 -2.482548212302514212e+00 4.305584281401063085e-01 1.350401925887942944e+00 7.848360415875904605e-01 -4.761042785653981091e-01 -1.323190110883810222e+00 -8.883744447673067590e-01 1.430626835634266181e+00
-1.409426059348299676e+00 2.659638285527421875e+00 2.512322002660467568e+00 3.284868422654024789e-01 8.007358684324015208e-01 -3.062545537207576274e+00 8.659172872420317635e-01 2.456829083698381044e+00 -3.237100599759241248e+00 3.703555715362252254e-01 -2.340058983443867646e+00 2.496141827469079422e-01 1.474100549987934272e+00 1.271202793615154647e+00 -1.627134754506052827e+00 1.139061839238736606e+00 4.337983108104609187e+00 1.351369237561498959e+00 -7.604650607411511665e-01 2.300011268625207883e+00
-2.984815909940344847e-01 -1.681270729251649998e+00 2.012449889743982423e-01 -1.240785612947959304e+00 2.825660829650856076e+00 -2.041040863613992062e+00 -1.645241970178099367e+00 -9.149492921424102754e-01 -3.377035310592103823e+00 2.861783185680613073e+00 1.953270740928636728e+00 1.657097378768768170e-01 -2.080329113757701354e+00 -1.843788495471540223e+00 6.260742239164238665e-01 -3.888674710084997432e+00 -3.142280262550723346e+00 2.169139599812766939e+00 9.914147243061544046e-01 2.882271215124075248e+00
-1.379506864315824366e+00 -8.490590869127769835e-01 2.200434620933286123e+00 1.011969580687086978e+00 -3.557851931215673780e+00 -1.741317047708381027e+00 -4.025671463516611870e-01 2.337376361427686344e+00 8.678641498712885705e-02 5.582743379632423286e-01 3.411582805191527346e+00 -1.397007624138904447e+00 2.101318232336855552e+00 1.481714591203245446e+00 -2.431514816201670204e+00 -3.755503311277284539e-01 1.245762724958885126e-01 4.517701084349989293e-01 3.139768681487578594e-02 -2.905486743905852709e+00
3.634006733442362025e-01 -1.613122235033387364e+00 -3.193117877188700326e-01 3.791615687071711593e-01 -3.268604371384234430e-02 -3.402969088035784129e+00 1.002935262548476425e+00 2.734521521176897618e+00 2.796210069900598172e-01 1.317402289758057732e+00 -3.804481157199732344e+00 -8.697406629484187857e-01 8.473508854941013135e-01 4.256358454271013336e+00 -9.547799628408836226e-01 9.815159487071202227e-01 1.118411136903260106e+00 -3.338264740331478575e-01 -5.011939101573123501e-02 1.061433928945472616e+00
-3.116650357596831622e+00 -2.814620827878644982e-01 -4.408121750631899260e-01 -7.745994543036970326e-01 9.126815986772683909e-01 -3.100831493018616936e+00 -2.051867735449162566e+00 2.289469241787025489e+00 3.126673987085473616e+00 -2.200634695617263326e+00 5.863765948504385817e-01 1.548229594388773611e+00 1.784537997421112632e+00 1.778323606005147162e-01 -2.279721950275176212e+00 -1.669321036343777376e+00 7.731602914956762218e-01 -7.821250599152810290e-01 1.292785037621559940e+00 1.231963800690219379e+00
-4.986197231033503985e-01 -1.255136479126591320e+00 -2.606846790990342999e+00 2.519563132229357905e+00 8.859196170462267927e-01 -2.014811505073908826e+00 8.224233970052815534e-01 4.039617858140268858e+00 1.844868926797433195e+00 1.837323325917160854e+00 2.479638238829588170e-01 1.429171959790229929e+00 1.378479545123814543e+00 -1.689124117917232493e+00 -4.357823856146875174e-01 -1.439379597671764488e+00 -1.703155580821276827e+00 -9.333974389174352071e-01 1.801399144627083171e+00 -2.839986299907115264e+00
-1.391116578362713962e+00 -6.967295285737969968e-01 -7.791967811213582618e-01 5.550035063263315527e-01 9.178244746978558855e-02 -5.507437746107464172e-01 -6.318819061506023571e-01 -1.363433773343792232e+00 -8.742216959542132848e-01 -1.074672874416606083e+00 1.013786445645123324e+00 2.695982756360321808e+00 -1.083916946363554068e+00 1.246855283786776569e+00 9.095715562196342585e-01 -2.928259215830189444e+00 5.074902366051587066e+00 2.803839901515038591e+00 -1.253538118968966053e+00 6.511500483114052162e-01
-6.463440703897195272e-01 -4.501036184343386037e-01 2.153576672709573092e+00 -1.079251597845643174e+00 -9.175736134407340705e-01 3.636509598671032073e+00 -1.094876088733450215e-01 -1.706611733928938390e+00 1.898705783351013754e-01 -2.981965287824876132e+00 -1.259569505287271296e+00 -9.270806016112662085e-02 9.611719244571085286e-01 9.447203887209172368e-01 -8.379995987558660486e-01 -1.778055642332380559e+00 2.371977517088912357e+00 1.229022438528941441e+00 -1.767365327766873495e+00 2.687977764194056540e+00
8.582093820395321204e-01 1.221626613732696764e+00 5.745014374242350952e-01 2.732269374010313445e+00 -1.003809584616255579e+00 1.236786345670996434e+00 1.059896091838659293e+00 -2.792496178419935138e+00 -2.291509176105711365e+00 -8.853870645070487377e-01 1.662259543857502742e-01 4.780633217679302049e+00 3.157773580030205807e+00 5.134111835477830343e-01 1.063653851453650656e+00 -5.624159214560885828e-02 4.986532462210909178e-01 1.238772885790969183e-02 -1.038417099210596994e+00 2.884860639026124440e-01
-7.772978124517204712e-01 -1.039005277943603200e+00 3.957506756126498715e-01 1.001799981837964149e+00 -6.929164943721743963e-01 -3.577941524669603912e-01 2.276451573999794142e+00 1.941586887447359855e+00 2.853969744337699677e+00 -3.233668266691719584e+00 -1.985145846296689109e+00 -2.858581565162966465e-01 -1.723261648633763965e+00 -5.566797787077455428e-01 2.295929711912895410e+00 1.909865574167498359e+00 2.507197932417072117e+00 1.910377843662319330e+00 5.045951667654389183e-01 4.930700687542142191e-01
5.010752050019965376e-01 4.816519081256796508e-01 -6.901629841917928943e-01 1.880530583888070817e+00 -3.775663818110212233e+00 3.156193520770774530e+00 7.947461993062971963e-01 -1.531387389421006384e+00 3.065691192165608481e+00 -1.100007119577094850e+00 2.464250372920604004e+00 2.079132309951385871e+00 3.964392249865013262e+00 -2.426792581059986631e+00 4.151272236334563992e+00 -4.282272363182610064e+00 -9.393010086423198013e-02 -1.398872750729426073e+00 -1.084748411691727199e+00 1.443917254352879542e+00
-1.096091368115543530e+00 1.502570318533295347e-02 3.591471204822775931e-01 -2.451014819626378571e+00 1.701614203442880724e+00 1.832663989907464597e+00 -2.006079703357144806e-01 -3.163229143879559668e+00 -2.159639592932145469e+00 -1.988909949900218299e+00 -1.090384433876540271e+00 -2.096912275146034066e+00 3.083677746569337685e+00 -5.140168646293038490e-01 -2.826445847637424902e-01 1.366706369873176508e+00 1.418768552203720779e+00 -8.045352419427866941e-01 3.932004268647967038e+00 -2.267885858253321008e+00
1.746303668596936032e-01 -2.493878617638001505e-01 -1.048852032966867354e+00 1.862090798579622009e+00 4.785054041424297022e-01 -1.370343619964407678e+00 1.668108043142132901e+00 2.337356678820910805e+00 -7.529517594846014683e-01 1.144922134642057943e+00 6.651792675611386541e-01 2.237662129685289436e-01 1.586614755303569435e+00 -2.748291086055472565e+00 -1.666652590314586790e+00 3.911485828292319056e+00 2.485057023372132967e+00 1.315140173477279406e+00 -1.357068429415392519e+00 5.495489301982393604e-01
-3.183486458626553883e+00 1.118711820276260926e+00 2.108115757562622150e+00 1.665117343843768083e+00 8.419328668938625970e-01 6.558283828152648987e-01 1.496491557081741197e+00 -1.202217016091650992e+00 -4.577605243117083944e+00 2.380185004969989748e+00 -3.730493969056683512e-01 -3.833903382141543026e-01 2.641723775414439937e-02 -1.967031949029934390e+00 -1.128931968073257686e+00 2.885852026232697209e+00 8.268967541191628579e-01 6.591979580824822160e-02 -2.230649846898424271e-01 -6.295657839047071880e-01
1.063086535535326393e-01 -6.479213369917867782e-01 -1.803670327140123097e+00 -7.766478470717153026e-01 1.864673488325334860e+00 -2.364874598361816460e+00 1.170882587320924317e+00 1.096049982467493633e+00 -2.060393985856724619e+00 2.842605372551530785e+00 -1.697483147549337490e+00 -2.310371061350673383e+00 -2.883076648654693264e-01 -5.736240689947278426e-01 5.086342150881681512e+00 -4.480492842587750602e+00 -9.245204985363862926e-01 -1.473091085595415795e+00 -1.685753559893201414e+00 7.222916105051606639e-01
-8.867296762115173259e-01 -1.231856440890275878e-01 -1.583791691541370783e+00 -4.486400478505990774e-01 -1.961086194919957837e+00 1.469081284695166856e+00 -2.069146614031785791e+00 1.388904000949522155e+00 1.011913181956217045e+00 -1.135594288187734280e-02 -1.471930947886831653e+00 2.474867872294032711e+00 -2.636892546087752365e+00 -2.650079718286945329e+00 3.895228737879546377e-01 1.320678846882654911e+00 1.320401925416637701e+00 -2.655593293897020590e+00 2.773915364490682656e+00 2.401512983669724655e+00
7.287745665551486063e-01 -3.449831311729141814e-01 1.001661695827564397e-01 -7.272609403645773352e-01 2.188077570262097371e+00 2.824005317499044931e+00 -5.289692910784289381e+00 1.205732744784416832e+00 -3.986692585608017758e+00 2.532876200993373211e-02 3.904478851037366915e+00 -2.040463270801024520e-01 -1.875680279042098775e+00 -3.097116986711122788e+00 2.595812058419462165e+00 2.555072041099021529e+00 -6.068439662809502755e-01 4.733409276370277752e+00 -2.741337270739965248e-01 -2.418695028304738148e+00
5.764814805768930794e-01 2.188514591722766356e-01 -5.857491327422608557e-02 2.245237376809935959e-01 3.704642111885865674e+00 1.959547928694394814e-01 -1.646052726127592791e+00 9.811926660167741288e-01 5.427000857157798785e-01 5.461872007636827675e-01 2.270635603710156936e+00 -2.166153643245629645e+00 -1.438577217753272075e+00 1.565702521798854274e+00 -3.129454381977363031e+00 -1.451314914007091561e+00 1.222092578422489417e+00 4.671407204315198847e-01 -2.056553271181742470e+00 -1.078562504059498162e+00
6.478416130811890383e-01 -4.542210207342631256e-01 -4.411161963037564804e-01 -3.505209369891071347e-01 2.848511912919053479e+00 1.226471390560015529e+00 9.583885432334862120e-01 -4.432787218793521333e-01 8.167838019412200223e-01 3.492646135752063508e+00 -1.692767874904446135e+00 1.273857484586692124e+00 5.731370470344931967e-01 -5.516435850664211937e-01 -2.593483205301275074e+00 -3.044223897425390124e+00 -7.581522059764415067e-01 -2.744962186353001155e+00 -3.563687427098665705e-01 -7.705025063516625083e-01
3.717508587458424191e-02 1.221011437666911004e+00 -1.400560980827062263e+00 2.261089739667075271e+00 2.856467381290163310e+00 -1.063551790389525076e+00 2.063175106448395635e+00 -1.223048721162045327e+00 -1.988907482584384212e+00 -4.017743003920952738e+00 -6.493062875961890246e-01 -1.623199754807913342e+00 -1.903411337893144761e+00 -2.639117774053523213e+00 3.215487489156519385e-01 -1.600323157288444431e+00 -6.563660619429566578e-01 -1.833973273492381095e-01 -3.426347582025647043e+00 -1.261527693266470407e-02
-8.971607382789746898e-01 1.343393039042964920e+00 4.440479133810034007e+00 1.643419689265727124e+00 -8.362331440795037762e-01 -4.048508479741998123e+00 -9.221721364928766596e-01 3.211945623799719929e+00 7.511662943201862230e-01 1.444717566820430621e+00 -2.410594252925508663e+00 3.326287774888205373e+00 -1.754443732731080008e+00 -2.356344600701398839e+00 5.417331240124365621e+00 1.762060028338662931e+00 -2.787884489883676764e+00 -5.652285386918288523e+00 -1.069396505159500244e+00 1.769073476293163971e-01
7.891965430424303651e-01 6.665771497361161479e-01 4.865708815705462875e-01 -6.647939342770678994e-01 -1.881800075331339750e+00 -1.262388121122822726e+00 -2.555948256473220326e+00 4.100812374988897169e+00 1.029118892804484542e+00 -8.972670968808020842e-01 -2.872256976033654041e+00 -2.017720916987172930e-01 2.036084055560971162e+00 2.142171583434403725e+00 9.147068794294915817e-02 -4.577089411899398996e+00 8.487669216787746551e-01 -9.051382274542542072e-01 -3.184424970210760986e+00 -2.000072648185139190e+00
4.542790104667687734e-01 -2.717042446745790985e-01 -1.421206960599485924e+00 1.796701696552007510e+00 -1.278345313483512102e+00 -2.852569376332506762e-02 -3.534623333244145904e+00 -3.430548721368001264e+00 1.007604384110960982e+00 2.602096021946883123e-02 -8.022953368419876163e-01 9.498824220936779028e-01 -3.886707811304944138e-01 3.926590864718218388e+00 -2.364337882413064751e+00 -1.350608256718982325e+00 -1.285632906312512258e+00 -2.318374022405221169e+00 -2.928583090256268839e+00 -3.406874298335721418e-01
1.254584004170589573e+00 9.004811160610846077e-01 2.207946521269985585e+00 -8.889245114331921771e-01 3.103867619014883061e+00 -2.625439450309796197e+00 -1.132235694129661630e+00 -3.017311676066281478e+00 1.772614442480441088e+00 1.130755299350931331e+00 3.240008358410347178e+00 -6.436585513710657569e-01 -1.354076057260662713e+00 5.063327410500264580e-01 4.631407968569019928e+00 1.957150977381302059e+00 -4.414150748000741586e+00 1.987167254143789474e+00 3.928814675953947066e+00 -5.430903651838211665e+00
-7.507607326068346243e-01 1.923413249983798867e-01 2.232834449229756935e+00 2.709115240205619113e+00 -1.685333585487792663e+00 6.912256430493258774e-01 -4.667673998177397365e+00 -1.126609649902337251e+00 2.296026391087412577e+00 2.187130300439953601e+00 -8.798812383610646881e-01 1.559705501882100886e+00 -1.193013688923742599e+00 2.169000874222162700e+00 9.168724256288747210e-01 3.979231986992345593e+00 4.091513128703423985e-01 -1.438066138282752204e+00 3.089722718109414235e+00 1.439858557507788517e-01
-2.273807195610705878e-01 2.492128481404257412e-01 -2.570659641524789540e-01 2.360216219058331788e+00 -2.600847508853522783e+00 1.389653236715634455e+00 1.537713107710825033e+00 -1.391153824060537669e+00 -3.052255745342306592e-01 1.256230837499783703e+00 2.313068642163572441e+00 3.351018941582448285e+00 1.106148207879965595e+00 3.823296485441878279e+00 -2.087268321042616392e+00 5.076183437672202814e+00 -4.950285605833974145e+00 2.681902824689424314e+00 2.135751709847175217e+00 2.979543052104249856e+00
1.079474790560698949e+00 -7.645183773283221740e-01 5.297075297512007785e-02 2.461106069858248202e-01 -9.626304377050218797e-01 -1.488850935762288330e+00 -2.424647072707458051e+00 -7.349869825983305072e-01 -1.712055830564717940e-01 8.078007592659962599e-01 -2.261383381651312252e+00 -3.894974781505557093e+00 -1.798135744663555968e+00 -1.846510375538652049e+00 -3.297141499097902884e+00 -1.523246678502890639e+00 4.914941455656533620e+00 7.121618011293362471e-01 -2.312582046556824977e+00 -3.794271926860167010e+00
-7.068639301718264711e-01 -4.032619503984416487e-01 -2.358021569284663166e-01 -8.888195303876139652e-02 3.531859556822866120e-01 8.102633669272896189e-01 -1.033862215640558357e+00 1.236243336861698516e+00 -2.919801350123294448e+00 1.699290110334754411e+00 -2.751594855558626707e-01 2.945801130033971926e+00 -1.313988865351497504e+00 4.653549974853350868e+00 1.312107612335938978e+00 -4.282935502984893006e+00 6.208362535937813620e-01 1.981302898520627409e-01 3.771560887032179732e+00 -2.256594890940993636e+00
1.234740421250078102e+00 1.831972364510399354e+00 -2.154938689374049421e+00 1.535276030815660164e-01 -2.392394586764939213e+00 -1.302184995542240653e+00 -1.657665346270836171e+00 3.537885118355522884e+00 -3.395193910869273690e+00 -1.551365688463747228e+00 -3.530849968225364233e+00 3.591870996150193562e+00 8.976501597574011448e-01 -2.292409860791424947e+00 -1.605704124043948688e+00 7.526695399626008864e-01 -3.119142333111732945e-01 -8.754846302598333629e-01 2.815954401962678322e+00 -3.083173298912518678e+00
6.471568229309722087e-01 2.210086692003513154e+00 -1.258557143467644135e+00 5.832667728213221103e-01 1.162719778133184168e+00 8.717108094083225733e-01 -2.018107815240933078e+00 -2.345217936168954687e+00 -3.848023863972048098e+00 -2.657686235338868386e+00 1.832465247436593669e+00 -3.558120381850360392e-01 1.804446708376140629e+00 1.385674540794797682e+00 2.287624346321051050e-01 6.317068188558075947e-01 -1.758853290240872891e+00 2.511447751148063734e+00 3.750114019135183940e-01 -1.118763422529750473e+00
3.502327462226849097e-01 2.540113985363989246e-01 2.609410530413934781e-01 1.619118025575743414e-01 3.184356595274362434e-01 8.544755609024154985e-01 1.373713962161324131e+00 1.525462077763767299e+00 -5.776627461258596608e-01 -2.641711563821504960e+00 -2.910591380345612933e+00 -1.434255402682822034e+00 -3.997153888089227003e+00 1.829535420212351493e+00 3.869944300629176936e+00 1.053350786437959735e-01 -5.238124272064909048e-01 -1.017356959630029145e+00 4.575035616042839592e+00 -1.581421944580492234e+00
3.669083325924037409e-01 3.867271452872663162e-01 6.485961586737877260e-01 -9.289807200010491428e-02 -1.428607107557943623e+00 -3.100056568753547293e+00 7.436927683173674142e-01 3.299342018378625063e+00 -3.345292861762659609e+00 1.892018935808771896e-01 1.746351258161797482e+00 -1.446118542292450293e+00 6.183497495500627217e-01 -4.151524197952706885e+00 1.446003396387100182e+00 2.044747854363841988e-01 4.248190956744466007e+00 2.683405779053988915e+00 4.709253317697770669e+00 -2.719282881789954143e+00
-1.106713898235141658e+00 -6.393185889925230292e-01 4.305128545533522533e-01 1.764518672908476360e-01 -1.239958064421833539e+00 1.159743142937718352e-01 7.679458114009940495e-01 3.190610777288074740e+00 -3.103376241032916649e+00 -1.743255418590899053e+00 2.264022187611821835e+00 1.666505675301675149e+00 3.246489057530655753e+00 2.034142174303674278e+00 -1.174981674174782720e+00 -5.587994951951446437e-02 2.652156478136613593e-01 -2.704184734354911912e-01 6.195832119103175106e-01 4.428972328446445061e+00
2.011125669649781678e+00 4.108424525266094612e-02 -8.530850007151523640e-01 -2.263504865387121756e-01 -9.745495098244421062e-01 2.395599745912031509e+00 -1.548107931702756623e+00 2.539376789778822641e+00 2.055908240430910638e-01 6.935830662883205600e-01 -2.072183408687461093e+00 1.631657789758840460e+00 5.065446018898186464e-01 -4.270988176408948789e+00 4.006475274520535201e+00 -7.394055456970871631e-01 -4.815516951965919112e+00 3.386332998691325535e+00 -1.364920728858502574e+00 1.247835675344318274e+00
-1.548563246285393769e-01 9.540633633294935967e-01 -6.327206959941937825e-01 2.703616254654547024e+00 1.551798614924273512e+00 -9.854615980034586720e-01 -1.313575366483060280e+00 -4.110836722563207424e+00 1.423971792722871443e+00 7.678576545983261115e-01 2.383129614496269255e+00 7.428848301063267767e-01 -8.059284582175152423e-01 -6.105844173626729932e-01 -1.134245225073279073e+00 3.504274137919570486e-02 1.794054805110028017e+00 -5.649312569013956731e-01 5.131461512076140430e+00 2.679391910539303812e+00
-2.945545805141877249e+00 3.781287816603515206e-02 -3.871713102558130171e+00 2.444123329491592611e-01 -1.330959287169300342e+00 4.116693762675604162e+00 -1.608985267820193021e+00 -8.231137150825068582e-02 -1.634488453033964506e+00 1.549799734277400143e+00 -2.601508740173229306e+00 -2.600572117204334344e+00 -1.128897862325613177e+00 2.991771940319676304e-01 -8.553349711812908984e-02 2.024854399446307074e+00 -7.653806022986785473e-01 -1.420051748796837376e+00 -1.147331660530013897e+00 1.353136684003729551e+00
-1.400857424274059237e+00 -1.317455833253448616e-01 2.060496523576736738e+00 -1.685079144896621250e-01 1.715675639324789392e+00 2.262045710925708608e+00 -7.520929248048383586e-01 1.324024006022648248e+00 1.687512450443314549e+00 -2.051356382929809374e+00 -1.570261124112362516e+00 9.376163654371214573e-01 1.278838297426587056e+00 -1.765928624347763654e+00 -8.463578606309819508e-01 -2.492172589090283719e+00 -3.245407179280559884e+00 -4.357649306951183021e+00 8.645580539063426606e-01 -4.592583539455950437e+00
1.185217150479290993e+00 -1.016659650439878604e+00 1.697411445398232077e+00 -1.615394271946246629e+00 -1.847351533436716542e+00 1.642759498094326753e+00 4.239672420380441453e-01 -8.505007638794035429e-01 -3.844903471997233702e+00 1.486745204337194926e+00 3.173111967235596076e+00 4.816195214295128091e-01 2.324540466404830252e-01 -1.189996149646568302e+00 1.563038931176329971e+00 2.439741458384474981e+00 -1.567995995933332276e-01 1.645084612047152395e-01 -2.078911177254437970e+00 2.941434000677358718e+00
1.485123627272320279e+00 3.282211868316799563e+00 -2.375661565949639620e+00 -2.848886870314907060e+00 -1.315099484933317742e+00 -9.544193134822890334e-01 1.068337381213994908e+00 8.314914197021762154e-01 3.096442713783458811e-01 -5.293945849741147347e-01 2.998546151331923593e+00 -1.227170378450954891e+00 -5.248737689281710583e-01 2.070374316277640681e+00 -1.752053941805817194e+00 3.973024139461061588e-01 5.996029988660244170e-01 1.211737914386284309e+00 -1.029736565623899036e+00 -2.346519083369511094e+00
-1.095486915090867042e+00 1.507049391930386228e+00 3.589705692426622408e-01 -4.247927299602449192e-01 4.761052703180455037e-01 6.842460023541120373e-01 -3.121561800805676690e-01 1.092856579987919075e+00 2.457741371079467552e+00 1.824408663552129717e+00 -1.603389695880838461e+00 -2.629542776332245424e+00 -6.316791847689612327e-01 4.453054218306472523e-01 -1.015128538117528595e-01 -5.734406449566549213e-01 -4.992817639854662204e+00 2.813455282425581405e+00 -1.852355566058223602e+00 -5.916450396128080103e-01
-6.842743801959614292e-01 1.625402620802731402e-01 -3.267939179652908255e+00 9.018264982099377658e-01 1.468345868632409124e+00 1.728022793338181762e+00 1.844402102183917203e+00 -1.102719560037048296e+00 2.322205364879040168e+00 -7.024565843196592940e-01 -2.707740635750062186e+00 4.022970697277941654e-01 1.577943646956044832e+00 2.126304732705075473e+00 2.913080755143754530e+00 -1.961171107496818999e+00 4.336078145007699725e+00 1.959103226000583842e+00 -1.506130771968585913e+00 -9.521698069644380924e-01
8.693407922872596894e-01 8.587360838730628831e-02 -4.157415578095888797e-01 -9.489705234225159769e-01 -1.104618888924955522e+00 -1.531302106008803454e+00 -1.716836442806507046e+00 2.325733612218314553e-02 -3.190761753914982179e+00 2.875232365899441866e+00 -2.238190965113727504e+00 3.010256430157923768e-01 2.026500112829134448e+00 2.782240181354370900e+00 -1.523471229745970046e+00 2.356952916394481790e+00 6.750141328461131129e-01 4.049569832442635686e+00 3.409112384525003758e+00 -2.028320905928956197e+00
-9.448872500024219079e-01 1.026752743589092409e+00 1.734635698077476418e+00 1.889377291012463544e+00 -7.248763249727965263e-01 -2.887326587542728529e+00 1.140123466236828254e+00 -2.489205716083643161e+00 -1.035455733167564452e+00 -2.416695281554384067e+00 1.178883945831706415e+00 3.193578716084772839e+00 -3.410857382891971490e+00 -1.622661499750166492e+00 -1.188713236728184075e+00 -4.980552213708700493e-01 2.564800471637894930e+00 5.587683288616683841e-01 2.484087890504675045e+00 -2.662040051918820982e+00
-2.444472619389149948e+00 1.094638949855177623e+00 2.109770254275106893e+00 -8.319455249928344731e-01 -3.082994293529704777e+00 1.762258018342018895e+00 1.707563644171492534e+00 -9.090992354289711974e-01 -1.619065806874695035e+00 -1.052387167428815662e+00 1.772500566023901269e+00 -3.883549952597853849e+00 4.136126978723145164e+00 1.574340514538990377e+00 9.445422819880107124e-01 -1.383236320905948669e-01 1.597811152358711961e+00 3.453592495456082601e-01 1.153359498988781429e+00 1.314438784785130432e+00
6.916944983756293519e-01 1.424534615630335566e+00 -1.160280356843147009e+00 -1.351609068920218926e+00 1.373533939321371466e+00 -3.046798594014476363e-02 8.320410358492689173e-01 -2.836117209510763626e+00 3.771403015409252824e+00 1.335527968981697677e+00 -3.196940247673584867e+00 -3.722845802972237772e-01 1.251276954508509176e+00 -9.110356943385690132e-01 -2.632005775514481005e+00 2.971528388856791159e-01 1.302237131977326934e+00 1.603870984330006300e+00 3.622605268547082202e-01 -7.895965380263220146e-01
-2.246678337323393115e-01 -2.557022005970010503e-01 -3.232805950800187178e-01 -1.853719800673343521e+00 -1.260281503446675888e+00 1.200645279569168666e+00 1.653798953908534486e+00 1.939574240090466084e+00 -3.663923452254718161e+00 -1.350620831720866555e+00 4.812528346512949362e+00 3.196730826921044599e+00 -4.611139000993789594e+00 -4.479885681579686363e+00 4.671551571412703829e+00 -3.123830958569686622e+00 2.399851098582602038e+00 -2.865025221184318571e-01 -3.976484477796705885e+00 5.724942512454952670e+00
2.699819484402670167e+00 -1.070479199523781455e+00 -7.264526937198841905e-01 -7.399421478348979786e-01 -9.782584719952853725e-01 1.941393734591881914e+00 -4.816772248524732625e+00 -2.005535306476251278e-01 1.087359840814260625e+00 -2.385454896894767085e+00 -1.697711416026478643e-03 -3.417318248102463318e-01 -5.712989318531883076e-02 -1.768112650865095503e+00 1.659720077889663692e+00 -1.232816972946277456e+00 1.753288563259547961e-01 -6.438600675789416528e-01 -3.142529322949645820e+00 -1.116812579451710530e+00
-3.789548090009632886e-01 -6.635240226742581404e-01 1.367012980529221711e+00 -2.202356106085111342e+00 -1.103582469602569782e-01 1.350632482285409885e+00 -3.619349762445304819e+00 8.484575319882704525e-01 2.338029124601681108e+00 -1.538129196182384861e+00 1.252528616683146412e+00 -1.187924632286407184e-01 -4.629181519996669048e-01 4.733914102922448741e+00 1.727711187826683537e+00 4.754425407627602129e-01 3.755642332862858090e+00 1.799322800247135756e+00 2.471162573289819253e+00 -2.230577388665350380e+00
9.933592928440824199e-01 1.616761091144492513e+00 -1.532822150941494765e+00 -6.727692900197881354e-01 -3.514082181344908129e+00 1.826360957517779715e+00 4.118366724909977350e+00 -1.477079006853857068e+00 -2.019331729206493842e-01 2.369972767006067293e+00 -1.277528873874274884e-01 -1.063497601521035119e+00 2.903274034964210770e+00 -5.843180464691615228e-01 2.124509189747615656e-02 2.797056517764751060e+00 1.134648726849914802e+00 -5.666867893248497268e-01 1.685356667484092297e+00 6.937383727512068665e-01
-1.082188853096088366e+00 4.197990851609744389e+00 1.843168814016444612e+00 -1.036447210864558599e+00 -1.582681439557437786e+00 -9.275159179589467229e-01 -1.770472627070646565e+00 -3.750193293414378903e+00 -4.427400073110386580e-02 -7.891660209798428971e-01 -9.410455121359861952e-01 1.964390547164123202e+00 -1.210418433317936193e+00 1.721826841829288690e-01 1.429980401552566560e+00 -3.767370310671251055e+00 2.257914930391743624e+00 6.689457267605074531e-01 -1.856760476078659128e+00 -1.445190306359866117e+00
-1.185251539968420698e+00 1.258544888176293952e-01 1.154175870488975075e+00 3.741519653161422543e-01 -1.754458591762804609e+00 -9.306932771391316361e-01 3.441031524409643882e+00 -7.037736270091649038e-01 2.978437966842534923e+00 -2.233597670432167615e+00 1.576793285057208616e+00 -2.994250798135399627e+00 -1.978926762872168954e+00 -3.068450220171922371e+00 2.011357807074808157e+00 1.135873733112810591e+00 -1.707350951365775193e+00 2.801117479153124368e+00 -8.157892179943402322e-01 -2.639661698234714748e+00
-6.564747572579746615e-01 4.011886068487338086e-01 9.921168562394303558e-01 -1.184516173037250653e+00 -1.698717510620805504e-01 -7.876226541372900458e-01 3.764926476536807343e-01 -1.355652232111564492e+00 1.183922506642123507e+00 -1.317105261703235275e+00 1.836386545386621938e+00 2.310787898603935631e+00 3.218755463229527880e-02 -5.618204145237873925e-01 2.876235671820874362e+00 4.007981413414759331e+00 -4.281390042021844700e+00 -2.827055261839758415e+00 4.533072063571860433e+00 1.371336565109526617e-01
3.898349024849876998e-01 9.800581337321642161e-01 2.869187983811349318e-01 4.975114423242840145e-01 -1.255106712417697112e+00 1.553251059892607477e-01 -5.585540209205887008e-01 -3.455848601265745224e-01 1.973947101743774579e-01 6.010602047292292749e-01 -3.457151169135613600e+00 -1.858978021437797779e+00 1.181175705631844819e+00 -2.923477390200399650e+00 1.176957089841954129e+00 -4.233541947640288683e+00 2.296518869561407494e-01 2.087701419995820373e+00 1.537885663709360529e+00 4.985474974093329514e+00
6.714347930347975835e-01 -5.730349958966406421e-01 -9.683325658195504060e-01 -5.285743237004900674e-01 5.338787457638130007e-01 -1.757996884399988469e+00 2.529829840944561870e+00 1.048409098014189578e+00 1.447849906896492733e+00 5.583348091029707305e-01 3.616919607973156925e+00 1.554209938110834299e+00 3.305942248865829214e+00 1.383454047353605443e+00 -4.690685111186533973e+00 -4.617148165310307029e+00 -2.506077634175011060e+00 -1.977490244479618964e+00 3.999419505640990913e+00 2.491794772930905691e-02
2.940808851026022186e-01 7.603642844895740494e-01 1.487203729955600462e+00 1.195294803917077653e+00 2.364714545457316408e+00 -1.854691160877578460e+00 -2.276352605376311455e+00 2.875630403819356751e+00 -1.470570435597085002e+00 -3.238029357790549234e+00 1.145771979209744718e+00 -4.317130928255660249e-01 1.943299548386373310e+00 -8.284255377550417965e-01 1.492305108971494487e+00 2.826740908145411790e+00 -2.655045533361661270e-01 -1.757278065922837751e+00 -6.936832683729949878e-01 1.138584625741329459e+00
-4.778764822924644329e-01 -1.052493627917033381e+00 -2.131971802573170649e+00 8.692419500444312774e-01 1.844884343233875068e+00 -1.244302787413446243e+00 1.804830638251343489e+00 2.077506085213398190e+00 -3.125162953414991396e+00 7.712374084242161754e-01 -1.940961912047524773e+00 1.154211957627705454e+00 3.393310251110845055e+00 -3.835681751804958517e-01 -1.763588801348938917e+00 -2.431655641040798843e-01 -4.671206945123605792e+00 2.465310572172513925e+00 -2.272530176998242446e+00 1.822461736003798904e+00
-1.055071499315598071e+00 -1.151068292234872281e+00 5.296054813926164284e-01 -2.048735511644920848e+00 -5.495140073613965503e-01 -3.105762155662464830e-01 5.162597428522018861e-01 -1.289657791369645867e+00 -4.268652317628268911e+00 3.376096202339459840e+00 -3.792473623784894166e+00 4.516108417355707338e+00 -3.218712161757243173e+00 2.787659952265314711e+00 -2.811704458203220902e+00 -1.617492057581796372e+00 -2.792181358881336006e-01 -6.390864388848447319e-01 -1.900821988371521165e+00 1.002802014265759212e+00
8.723103334191486535e-01 1.570199672314384953e+00 1.536899095590314790e+00 4.657253283485778272e-01 7.061636220826904113e-03 -3.182558281237898523e+00 -1.667119229701337746e+00 1.766245843104415680e+00 3.770259630812256901e+00 -1.667567649468638891e+00 6.740479398435141878e-01 5.316152801904582281e-01 1.748628898561039424e+00 6.812528741375297736e-01 6.581047641085860933e-01 -1.683687055464314630e+00 -1.639290659890114132e-01 6.927886544050697593e-01 -1.674754995820056491e+00 1.318879403271821849e+00
6.517302233040067616e-01 -1.050225579355692634e-01 -3.017438753548265778e-03 8.240899675176495132e-01 -2.579093258919357146e-01 2.812291784323502242e+00 -1.754821872208092826e+00 -6.500759933509641098e-01 4.743066964703255728e+00 -2.886054882709992442e-01 -6.922001796994287082e-01 -3.990385634620059907e+00 -2.002875317575395220e-01 1.218826545249463544e+00 3.287787673160150526e+00 5.585104054762785042e-01 -1.883664969135249390e+00 -2.286613136141442570e+00 4.127917812819399401e+00 5.189980587613606033e+00
-4.799639696994391080e-01 5.344848776034771126e-02 -4.410203278931076332e-01 -4.638878067547649864e-01 -2.915054650518619450e+00 -9.388796888327345380e-01 -3.055878024935327009e+00 1.959430458441386858e+00 -8.476559048320460032e-01 4.542003475271215507e+00 -1.845709934428587884e+00 3.170035514610720639e+00 3.337900617450249019e+00 1.645530685334980925e+00 1.703449462643124912e+00 1.351305224859728149e+00 -1.673694164174686971e+00 2.641789086442147827e+00 -1.597897739041620024e+00 -5.094642091748842638e+00
3.394380581152800502e+00 -1.851036031886778899e+00 -2.904244882579839704e+00 -2.190087687134966377e+00 2.802100463637527739e+00 -4.541018003136479408e-01 -3.645149657799083176e+00 7.670230305793537262e+00 1.005637504268213911e-01 -9.140955779627660149e+00 4.374957903804167714e+00 4.686608178458858909e+00 1.442108702864346670e+00 -7.819451207379918278e-01 -5.765241624239929585e-01 -5.398603350368277098e+00 2.631544488844810292e+00 2.477577883807507320e+00 -1.518993634497950662e+00 1.346666255811439949e+00
7.573172604627347315e-01 -8.968403069362046454e-02 -8.255504918686639160e-01 -6.867903631158914779e-01 1.923199762836982352e+00 1.882377100718371166e+00 4.241699372557886427e+00 -3.456685529441619664e+00 5.100962715093587674e-01 -1.400045825452545634e+00 -2.800832867874268661e+00 2.372549758429189470e+00 -3.605873409116330919e+00 1.719836723910181941e+00 -1.632302656983061873e+00 2.228962855541080312e+00 1.096774951299261724e+00 -9.608159996847294160e-01 7.440863822205971978e-01 -4.124671992581451008e+00
2.424992549662561003e-01 -3.746991455136005622e-01 3.194208602994989543e-01 -1.126257031495660810e+00 1.055683854556206169e+00 -4.007411099940306753e-01 3.276868849740044443e+00 3.314529791953605198e+00 9.622249291148172734e-01 4.323713634174697340e-01 -3.743267621982136362e+00 2.892397901392271375e+00 4.755855230753366136e+00 3.707939067931854016e+00 1.593889707142207790e+00 2.555487911498590670e+00 -6.321021559620220165e-01 -4.894672317631973968e+00 8.549482534985726190e-01 -1.380971905502754449e-01
-9.803705226737159384e-01 5.365773762715892126e+00 -1.346181948448889054e+00 -2.795594932337092331e+00 5.484338707335406626e-01 6.333576246526629205e+00 4.312103639968496438e+00 1.836565121713860105e-01 9.496100832256644253e-01 2.462154272280152600e+00 3.960319041560790509e+00 6.181108828507533737e+00 1.899391396604882543e+00 -9.122948429404576842e+00 -1.350749770955095519e+00 -5.293203644095640925e+00 -3.408831460344051489e+00 3.515529823127284015e+00 2.744353590248874042e+00 3.780919011391676410e+00
-9.546702369168152957e-01 8.525145844723075461e-01 7.606658081526275206e-01 -1.069050612437104919e-01 1.693457716418835579e+00 2.000998784113972029e+00 1.782962623013591541e+00 -1.849398753814244678e+00 -7.485679829823318476e-01 1.706795829329898595e+00 -2.691253125418826997e+00 1.679863994705097507e+00 2.277711103127072256e+00 -1.436924355252930274e+00 1.399145246995882275e+00 2.817978077583271457e+00 -3.706212024407703254e+00 4.701912787827883022e+00 -5.038488005755676014e+00 -2.275059959184024816e+00
-2.481624449264390631e+00 -3.017366729545253978e+00 -4.446350660348637462e-01 -3.639450651906578349e-01 -3.608185903422693297e+00 9.152820747643779509e-01 -9.283735104592394372e-02 7.148670622925218376e-01 3.078022490779523501e+00 3.513082268639263761e-01 3.893830396002215810e+00 4.515280123707210436e-01 -1.850083845377109570e-01 1.580762587213126347e+00 -1.396621467401724104e+00 -1.247331191953921170e+00 2.903398655309095577e+00 1.192674505656879713e+00 -4.216840111261915602e+00 1.430327306879705107e+00
1.781191821046934631e+00 -1.985718767701504239e+00 1.657272470172476586e+00 -2.379037229258331276e+00 -2.357013172858236416e+00 -1.619790499216120283e+00 2.065473828932766320e+00 4.887502711744858841e-01 9.282516794266879590e-01 1.186044455819324384e+00 1.475053129046466571e+00 1.900163923586694059e+00 2.689316093374492511e-01 -8.873735916286553671e-01 2.983203237865205804e+00 -1.612961654248216803e+00 -1.227058146921545356e+00 -1.310165264389082651e+00 1.336345764101823486e+00 -3.643848044923363449e+00
9.268427934738580898e-02 -2.890098734922669221e-02 -7.078240866144490662e-01 7.255750272284221536e-01 2.145064906058977261e+00 4.246202389409269862e-01 -2.265627106600352381e+00 2.054594863988476572e+00 -2.000519296255654833e+00 3.279072464787766705e+00 -5.629090038749470226e-01 2.638777827776499052e+00 -4.283376584380693686e+00 -2.373923218209850639e+00 -3.820896266351299975e+00 -1.374995448550946575e+00 -2.318203238237758423e+00 1.521449710857361692e+00 5.915325870131946800e-02 1.523965879471608220e-01
-8.526498680592419221e-01 -1.406061229600250151e+00 -6.889483141464959326e-01 -2.497349926539272680e+00 2.676450697640803345e+00 -8.607289170046514282e-02 -7.898292389301517780e-01 -1.743869566353618783e+00 4.294188914030735660e+00 9.908049144319300838e-01 -1.193062860192908081e+00 -4.465095967543581956e+00 4.388341598536627530e-01 -7.578162237184914440e-01 -2.143872707794709953e+00 2.688945707280535613e-01 -2.488961467507166958e+00 -4.645831909574518193e+00 1.336993798820783064e-01 8.624843629600975614e-01
9.494677285595269911e-01 1.081760569912508380e-01 -2.863051926133609371e+00 2.639383904373992618e+00 -5.424328721341415971e-01 -4.152930795290655119e+00 2.873567147373496944e+00 -7.338883457613346595e-01 -4.994326273711649500e-01 -1.494652075983602613e+00 2.003024766457441874e+00 -3.316942135794520574e+00 -3.529857836266558913e+00 3.350345848941906457e+00 -5.508431207553036169e-01 1.371094009275767744e+00 3.360901597954205844e+00 -1.180466275134659737e+00 1.785120824937124429e+00 1.047456844787573393e+00
-2.892327087298967037e-01 1.502730711793177631e+00 1.732387427395831514e+00 -1.359484278187781614e+00 -2.267818189655637973e+00 1.229554455687195569e+00 -9.747119436147291260e-01 -1.646799808417658939e+00 8.280944779126254707e-01 2.481241752196085226e+00 -4.379190242672685862e+00 -3.584504578919354145e+00 -2.472609020728059992e+00 -2.629188436904161819e+00 1.074108587973030327e+00 7.088707184652400795e-01 1.726295645108565147e+00 4.400033765839978517e-01 4.411762151867348880e-02 -9.430681309321503614e-01
1.341359092725896263e+00 -2.684037618789281709e-01 -4.460281836860957583e-01 -1.217090508945675831e+00 -1.884599533002177862e+00 -1.765704250291717514e+00 3.359358805731051945e+00 -5.033295144570211210e-01 4.226562136363490652e+00 -7.765080556852407279e-01 2.330199117335968462e-01 -3.710068417865628021e+00 -3.347231229534096464e+00 4.411480649588938263e+00 -2.669798132657210665e+00 -5.301884032377098599e+00 -5.306001295462502654e+00 -4.011630513393393827e+00 1.655153673909841139e+00 -2.415929191617151250e+00
-1.027039946796130254e-01 1.810189909291535670e+00 6.008401618643653963e-01 -5.965802411730648097e-02 -1.397135408476507967e+00 3.699660091528823802e+00 -1.050260661989437239e+00 3.632231029206422157e+00 -1.303203732539666371e+00 1.005581217357508272e+00 9.982222978574337158e-02 -1.662968573335610101e+00 -2.043764263542787507e+00 1.680422660047876215e+00 -1.817087912975775543e+00 -1.472556891596805140e-01 5.101760240221348691e-02 -8.908272381794545280e-01 5.221645545558669665e-01 2.422079600011503242e+00
1.047888046608948853e+00 -3.309287726891881221e+00 -3.000304977144725438e-01 -1.309566985231705560e+00 1.823119698214486384e+00 -2.011390300748803206e+00 -7.126836776339999513e-02 -3.439684100759537344e+00 2.898008783661492060e+00 6.810167000865475773e-01 6.973238366322229709e-01 5.639430296271510379e-01 -5.706935173348766099e-01 -1.680105223994976305e+00 6.490218604722045592e-01 1.608960709045993864e+00 -3.259370349158609015e-01 1.144942089714026556e+00 -2.342870590893769922e+00 3.987561868551396937e-01
-1.688511847738702609e-01 1.236249535549317047e+00 -1.186596065907732811e+00 2.580737905235929830e+00 2.289149152530240094e+00 3.181962895509986011e-01 -9.387433803432460033e-01 1.032966199401541108e+00 3.983867944245037762e+00 -3.161101851108028438e+00 9.221513835335266585e-01 -5.889935236658058848e+00 -2.772471682730179410e+00 -7.010680286995885080e-01 2.166822399949909883e+00 4.760886856696767921e+00 -2.495563842075152472e+00 -3.036271225046176081e+00 -3.772818655946804878e+00 -2.857638879136330523e-01
9.936170922374391867e-02 -1.578888863476873183e+00 -1.431933247737971815e+00 3.003079129441552642e+00 -1.320599756864535124e+00 1.361172531562286681e+00 -6.005439207444014382e-01 -1.531395993509748532e+00 -2.393830553693263585e+00 -6.922801055220015876e-01 -2.667988720797130675e+00 -9.936002294458003981e-01 1.480478734669699037e+00 -2.985820673466242248e+00 -1.224701290251025698e+00 2.166187721932534949e+00 -1.343852215412153772e-01 -3.592124229921236367e+00 1.464876677806657534e+00 7.968744852781426413e-01
-8.457982378694151038e-02 -1.445661960161411796e-01 7.561100711071934155e-01 1.204945054384046310e+00 -2.251390120837124087e+00 -2.780455978484988488e+00 -2.317172402981913404e+00 6.608245242355414995e-02 1.214953986686953646e+00 3.245639192453280142e+00 -2.016618575976890870e+00 3.693143828863318490e+00 5.453015566846244333e+00 -9.316626162633232511e-01 3.477956935222024537e+00 3.313841502774703240e+00 -2.578794557112634500e+00 -5.803983822177174901e+00 -3.160090223304266033e+00 -1.455483459236460053e+00
5.334321923207445693e-01 -3.787987311725994566e+00 1.587473600633797943e+00 1.366339369689714145e+00 9.219709560660942493e-01 1.633823416067556877e+00 3.666714027819324873e+00 1.924889814740710303e+00 2.265598969653652428e-01 -2.289460674903446957e+00 1.337678419280215192e-01 -4.381906039944841180e-01 -2.348363016839110085e+00 -8.579557555016739112e-01 -3.630773384237001356e+00 -2.061464810880798471e+00 3.466362038657947453e-01 -1.538949079639221562e+00 2.773902413871470074e+00 1.889678472316453028e+00
6.102742473238902399e-01 -1.567582635423396598e+00 1.936506378207150325e+00 -2.591330504813600388e-01 8.596583923255590731e-01 -1.216826332148179590e+00 5.667316458458699913e+00 -3.201728766736192666e-01 2.552828336571308476e+00 -6.362580489026371522e-01 4.594290225432787977e+00 -4.562999530102613832e+00 -8.005292561499107729e-01 -2.368203323119943082e+00 -6.030615353331478801e-01 -1.483003071418478036e-01 -1.868559742976375171e+00 4.577375392534751342e+00 1.010037604317879145e+00 5.846444687086741476e-01
8.621464168791974636e-01 2.827827841009283860e-01 4.367760849727302386e-01 -1.272031089900860223e+00 2.707567484904691568e+00 -1.385070186306773588e+00 -2.897647758964061460e+00 1.713190196532762499e+00 2.726879583477824553e+00 -1.773719056351212631e+00 4.033621771530575550e+00 1.770995595815039847e+00 3.980459216185825877e+00 3.494899258586341428e+00 7.020898770820350743e-01 -4.939817899707171556e+00 2.373513323532528974e-01 -1.206705982635727814e+00 7.443350160214174061e+00 2.334674237285754295e+00
-7.346736340987800040e-02 -1.355066820082195811e+00 1.594555646606688359e+00 -2.034520882766768235e+00 -3.283302945735773748e-01 2.655921142538979485e+00 -3.304757323677239844e-01 -3.339326153299832622e+00 -4.230646536866881635e-01 -2.553702993175870795e+00 -2.840851496759859263e+00 2.250064745570073299e+00 4.332992186880135321e+00 3.445657036099721626e+00 -5.304341022183348464e+00 2.148461993500726308e+00 1.781075418060052762e+00 5.833219123025488173e+00 1.253722329443460959e+00 -1.516989707989675917e+00
1.066190739427615164e-01 -1.622675809058929386e-01 -6.216016288451632343e-01 1.024888107378618463e+00 -1.102369909777679569e+00 -4.148432089757287944e-01 1.903603742708249946e+00 -5.540087561397387672e-01 1.529518148591025195e+00 -3.795914639157785597e+00 4.393553526153556099e+00 1.570866126598261969e+00 -2.297779806733271535e+00 -2.228087198655047008e+00 -2.232782392149099238e+00 1.125419616079031515e+00 1.932344834299078856e-02 3.259174851832028624e-02 -3.019996282596624781e-01 -2.430090139523024551e+00
