6.105348950005766717e+00 -2.673404288294892073e+00 -2.013478267220355278e+00 -5.040079796678622603e-01 2.600387407778788074e+00 -3.851283975352178590e+00 5.174979463214091080e-01 -4.262413992372293237e+00 -6.128532593159465414e+00 3.968782707264210341e+00 -3.782115446934093961e-01 2.493385212280482488e+00 -1.887036367583146967e+00 -1.922745064145656491e+00 2.375466365258437573e+00 -4.788201631725717888e+00 -1.103682194316605303e+00 -1.380991760867157359e-01 -1.056110437036849259e+00 5.085160190368537059e+00
5.669116239824670278e-02 2.800540710468499839e+00 1.000821200388978260e+00 1.606689787681423676e+00 -6.465205338043170435e+00 -1.993153445098686305e+00 1.404349656492142717e+00 -2.685742179287427867e+00 -3.591456933372185301e+00 6.447599985465659600e+00 8.033078408048455188e-02 3.120486344480877694e+00 -1.474183191333354737e+00 -1.525457240847805762e+00 2.836778151609911980e+00 -3.918328199479415019e+00 -8.485270549408708840e-01 9.442617530578607810e-02 -8.322951980119643878e-01 6.822594677831376409e+00
-6.127421036290543466e-01 4.078957998521845596e+00 8.270231098736910980e+00 2.148199381995409052e+00 4.142587562391395473e+00 3.078637500673672367e+00 4.152964852293992593e+00 -1.655226946944964528e+00 -5.995341263880794358e+00 1.598454695209929666e+00 -2.485267122686752206e+00 -4.748239071274131806e-01 2.517731405773218967e+00 2.214803276390462816e+00 -1.570835829167081865e+00 -1.475282834449247182e-01 1.802431984425290290e+00 3.025010372037246320e+00 1.464649238649006424e+00 -1.581398984751962500e+00
3.867511558537044092e+00 -4.101504230595070410e+00 -6.830076127215046533e+00 3.956739922226590433e+00 -5.420177844492004127e+00 4.367600641106635706e+00 6.367166179374232904e+00 -1.229950765156843540e+00 -4.385846839987795676e+00 1.894354675142194244e+00 -2.164590861104407793e+00 -2.814501930812587926e-01 2.786118990156847719e+00 2.446349201770769533e+00 -1.397700957013719325e+00 -1.369136863832608533e-02 1.952219009611188216e+00 3.239592711137244674e+00 1.587048793685424508e+00 -1.465943805986070547e+00
-1.702428133579370506e+00 2.157621520617375666e+00 -1.582822249243007295e+00 2.223259420220421168e-01 -5.091305374294157637e+00 2.288750432286068115e+00 1.001262608696792178e+00 3.805889719393878323e+00 2.752060618701713257e-01 -3.199421082102146041e+00 5.485239746217249746e-01 1.976535743662234168e+00 -3.521085143750150692e+00 -4.331984776447135310e+00 3.171418068041679805e-01 1.529110921137459167e+00 4.431373534196661801e+00 -4.531379728661798723e+00 3.278767768467390820e+00 -3.050428687485140511e-01
1.079325103530652807e+00 3.444161268659327035e+00 3.437355525049835325e+00 4.948332471545067612e+00 -1.413279774879559803e+00 -5.428070605605852528e+00 2.533502367902558561e+00 -4.143931892300568798e+00 1.237944843307045684e+00 -2.067105358444531138e+00 1.272910281817417610e+00 2.798211177557930807e+00 -2.591668907545369827e+00 -3.151660051603903501e+00 7.787480239656580094e-01 2.017973249957010218e+00 6.847244008779846958e+00 -3.565165736572438515e+00 4.004676112528275489e+00 -4.882890900482605989e-03
-3.860909569104382655e+00 9.218088686424305678e+00 1.977683664219921089e-01 -6.517659096444504696e-01 5.810375926972637384e-01 -1.834904710432577968e+00 6.723015907479700459e+00 -2.095914177280986390e+00 2.376682933425017019e+00 -1.198429214355554162e+00 2.093819459395699578e+00 3.970854928149170959e+00 -1.881770707165557166e+00 -2.356836173546424718e+00 1.262235575738422488e+00 2.576388776984022577e+00 -4.843968286972615722e+00 -2.896172100331512400e+00 5.175788543181600865e+00 2.952219508623097344e-01
-4.997932626544961399e-01 -1.223260029094916379e-01 -1.855800429038697796e+00 -1.404466081749402573e+00 3.085932655911181044e+00 -1.158178333615666356e+00 2.570358092464740452e+00 5.168792937463062565e+00 -6.420555625736857897e-01 2.574501669981336338e+00 -2.154716447965616677e+00 -1.491891918060388011e+00 6.755816950601798432e-01 1.981689177892651810e-01 5.326787155854306732e+00 -3.911749736147100975e+00 -1.642805404570585770e+00 -8.459423434258152019e-01 -2.637423251016342007e+00 1.808750944754626611e+00
1.169241986952884504e+00 4.386715294267490073e+00 2.745219624941463987e-02 2.588568885493431004e+00 1.526911917984407063e+00 1.798293116176928219e+00 6.442573307958018303e-01 7.407788881354337995e-01 1.997069928629177760e+00 3.451199945732084995e+00 -2.144868226955467527e+00 -3.087514688169480159e+00 -1.081584590833048365e+00 -1.913094052353793595e+00 9.401029953262060035e-01 1.230501472898072102e+00 2.442718639159113803e+00 3.478702080169497446e+00 1.000530057553733254e+00 -2.637213731685952744e+00
5.870728631911829032e-01 -7.434611543750946350e-01 -1.995878424237690907e-01 7.047318992583539998e-01 2.844880178827710604e-01 -1.583087076231506352e+00 2.089978568528738645e+00 1.156627104984623733e+00 9.489936126515676751e-01 5.684838218007596256e-01 3.176431949378196951e+00 1.307406998216116056e+00 2.799854247359302217e+00 1.602659151661568471e+00 -4.490567236723833844e+00 -4.767178594515805834e+00 -2.988168649151250023e+00 -2.195845219070519327e+00 4.321771895719797918e+00 -3.036282732860307032e-01
-1.475389437189640107e+00 -4.746202403359333633e-01 -1.075569802354677362e+00 3.698594404577325356e+00 -1.679314537542167862e+00 5.817537595861700161e+00 -1.459738287532067691e+00 -3.117867176473053004e+00 -5.564171984853893527e+00 3.469015889564460942e+00 -2.805176084679413595e+00 3.998797444622368413e+00 -4.421582505248393247e+00 4.048133361576471856e+00 -1.928521746641736812e+00 -2.224802374381217529e+00 -1.500196150760011005e+00 -9.662911904951621000e-01 -4.147141427256679336e+00 6.001356781195701373e-01
-3.417611868688169352e+00 1.132671841533569479e+00 6.572221186868921761e-01 2.203776445816099550e+00 2.608526499312080027e+00 -3.725568993506546134e-01 1.134545970501415590e+00 -3.486502416545480543e-01 -1.602962911103489985e+00 -3.655987595160887338e+00 -1.057841058256728806e+00 -3.896126433971362601e+00 -2.326974473156346868e+00 -4.307369115004620497e+00 -8.987789368884182561e-01 -1.252315310662554415e+00 -7.194116379998560795e-01 -2.507883265652167126e-01 -2.802954336068048669e+00 1.232742840739743384e+00
-9.877261450527348163e-01 -7.212633448192048213e+00 6.797040381661033415e+00 -3.824212302250593609e+00 -6.394634805767611674e+00 7.271909430080685244e-01 2.122348684564783650e+00 3.998549427736354245e-01 -9.206306900926548575e-01 -2.732029667515733173e+00 -5.803271571608882295e-01 -3.078134810710714486e+00 -1.871258893983932081e+00 -3.463055832716635862e+00 -5.863583197840394057e-01 -9.633394657438719699e-01 -4.736004515175603613e-01 -1.800726136373109743e-02 -2.475829875727968865e+00 1.456391154440535018e+00
-1.803102741366576334e+00 3.534357624699849154e+00 -1.427644016502374325e-01 -1.894922331010677974e+00 1.812312268060503495e+00 -2.157903929141004262e+00 -1.929782814074726627e+00 5.657586029029104679e+00 1.650461155581051775e+00 -4.061877954394862988e-01 1.297449815491571679e+00 -1.055940909104896130e+00 -3.608628549262134499e-01 -1.512170030117087727e+00 6.297566334318057679e-01 1.251675571163080314e-01 4.924103458053405435e-01 9.281992845701279027e-01 -1.401691064958984656e+00 2.476493528177952541e+00
2.015066638582707625e+00 -4.874064126437991362e+00 1.321839672938963650e+00 -7.583834687311109546e-01 2.699527490517424244e+00 -1.485878145793281702e+00 -1.431782343810001246e+00 -5.212752836137382495e+00 2.031611876773375069e+00 -1.604054795758094454e-01 1.557279151332905620e+00 -8.530581123661996612e-01 -1.871002710406594050e-01 -1.325164290055933725e+00 7.854171918652501638e-01 2.592594065934269443e-01 6.149103465179198702e-01 1.051776384891335736e+00 -1.283249734025080580e+00 2.626494095742006429e+00
-3.596987185831279632e-01 1.873404896804477859e+00 4.947492159565483050e+00 6.225746968263852210e+00 2.793412454209864393e+00 -2.910384704912867715e+00 4.748608033216721758e+00 8.019303450919953447e-01 -1.962758831169974849e+00 3.013971208506094790e+00 -5.211631908097764665e+00 1.313172444658405880e+00 1.836446554781961948e+00 5.386733127724804282e-01 2.852745141425056641e+00 1.855236787792107878e+00 2.113074605026894925e+00 2.647029709517545903e+00 -7.656190173998088377e-02 5.717496428722879109e+00
2.311974089148360889e+00 9.762751949941491647e-01 1.034124330154283733e+01 5.774744815024541733e-01 -1.473957716430578158e+00 2.581491139799871881e-01 -1.898935835477120859e+00 3.250531625791714063e+00 -2.751551511786130000e-01 -5.307245896252386075e+00 -2.441796693249013828e+00 2.524084318736134147e+00 3.105293989040887936e+00 1.416931738871595625e+00 4.646849985580928433e+00 2.794253131665439760e+00 3.020757641074220956e+00 3.745650610595574914e+00 4.544863834830228377e-01 -4.679888464048365115e+00
-2.719516441171248466e+00 5.252544163609360162e+00 -9.827083000679811775e+00 1.680103597438797891e+00 -7.749344684562680108e-01 8.142708564507620261e-01 -1.403965580852621464e+00 4.120209577194137829e+00 3.353186448704037481e-02 -4.287367008148334158e+00 -2.124933740398617488e+00 2.823669116061257700e+00 3.443169593004265838e+00 1.607163297074775565e+00 5.365086661835182902e+00 3.021157670044896104e+00 3.242557226564734663e+00 4.045600185944376648e+00 5.620331464691178391e-01 -4.325667366180045548e+00
7.580296020420949077e-01 -2.685718995688620714e-01 -4.943307207591053576e+00 -2.951881746880063995e-01 2.890480753768694733e+00 8.096713699985063073e+00 7.453974004412364796e-01 -2.448538783493312998e+00 1.666377143709708575e+00 -2.023308960675924695e+00 -8.082352770084042515e-01 5.596477686377340000e+00 -6.496887918071537982e+00 2.713752986385738808e+00 -4.014276764274671727e+00 4.697110319703904580e+00 4.917086661813524273e+00 -7.117861136064972172e+00 1.115718935574712134e+00 -3.139405356804185310e+00
-1.046817093101058527e+00 2.335392008110684703e+00 -1.995396831184572450e+00 7.260738346574526769e-01 4.339246339007486242e+00 -7.438241903823778145e+00 1.187925465795518054e+00 -1.943842884134635574e+00 2.048996820366353777e+00 -1.718949229123745370e+00 -5.725518199413360820e-01 -7.542571643199832643e+00 -5.117563662634600163e+00 2.987754367600324201e+00 -3.637900178158228304e+00 5.339731718533468730e+00 5.587025364281354101e+00 -5.679619926671514385e+00 1.231052843981489398e+00 -2.960804421498791861e+00
3.000921423014157430e+00 -1.998150613240068374e+00 -4.251697194863678919e-01 1.856030989637911022e+00 -5.064614404308994899e+00 -3.951541255775581352e+00 1.661810291466987666e+00 -1.494682704390123407e+00 2.473462716871646982e+00 -1.433325656545199722e+00 -3.407844993193339667e-01 -5.284477332282541795e+00 -4.407325737071235316e+00 3.293116223424074285e+00 -3.316803827856893427e+00 6.512494252969029951e+00 6.926168957261282344e+00 -4.994511207493088634e+00 1.348471611224227429e+00 -2.793290366434296068e+00
-4.426840698079816505e+00 -5.316502037759179622e+00 7.771851353177351429e-01 2.435252468017232275e+00 4.766705619788906390e+00 1.503575067163974044e+00 4.962665868311271211e+00 -6.681621591671789151e-01 1.682346073379115570e+00 -5.259002671863103551e+00 -3.179116069324155802e+00 7.050459993616177146e-01 5.117209982482859854e-01 -9.629280655761928154e-01 4.792373929676708166e-01 -8.200870683225569557e-01 -1.097091686596712634e+00 -8.419581700261249413e-01 7.673242711441974784e+00 -3.022137537675447794e-01
-2.548596952172140551e+00 -1.807632463015049762e-01 -3.678901019131242678e-01 -7.369784475019919290e-01 -1.276097493777182734e+00 -6.057848701603845143e+00 -2.389694339304311743e+00 8.429054633638419780e-01 3.591570401936297063e+00 -2.705269583518547183e+00 -1.823655724577505355e+00 1.536637743944627488e+00 1.239157023706551231e+00 -2.856128112988767231e-01 1.108043993945348804e+00 -2.740879948102104557e-01 -5.938608794202264729e-01 -3.657984079655407506e-01 -4.480413817004972543e+00 9.780601567149292686e-02
8.735200963287130804e-01 -4.235958008540719355e+00 -8.327482148518834670e-02 -3.160515495953573950e+00 2.188675278701775362e+00 -7.112946703510529822e-01 -4.817548621036813611e-02 3.327764782440959745e+00 -3.363200994615690664e+00 -1.152475922753249948e+00 -5.650235864137311825e-01 2.832206082266666147e+00 2.293658554245785908e+00 5.425784061611537146e-01 1.986481995796812283e+00 3.964855616841288510e-01 1.130554110947793074e-02 2.165625873408185686e-01 -3.169705594622539202e+00 6.015742041588053590e-01
-8.081697824086692350e+00 8.838804247249698598e-01 4.137775742494793185e+00 -6.350547880658558242e+00 -5.341312609316212212e-01 4.378263046012147441e+00 3.706375661743825045e+00 -1.894396966108497615e+00 -5.598034533815008373e-01 5.943145578767713433e-01 1.064224394480062230e+00 -5.255099670646833587e+00 5.019702325833663714e+00 1.809666816600873807e+00 3.752519565423230841e+00 1.384994580148015020e+00 8.658033469391837045e-01 1.053818407457568274e+00 -2.037097968041031937e+00 1.345091237829983299e+00
2.531757371131372558e+00 -6.634098575922928731e+00 -4.488721897296658270e+00 7.474571897402300102e-01 -4.745976597282684506e-01 2.293230357524505880e+00 3.946841871981992544e-01 2.703814496830411862e+00 3.621788216949380690e+00 5.036747187555399741e+00 -7.933118667378763256e+00 -1.252978375446125003e+00 -2.081246402712369825e+00 7.222287101137257359e+00 -3.027871830384093244e+00 3.551276447066355146e+00 2.448638547158598744e+00 2.649983468401680309e+00 -7.175037040781070408e-01 2.786556235852978514e+00
-1.620155044262011845e+00 4.632994934667327147e-01 -2.654465852992943589e-02 8.984194152991327176e-01 -4.012555973930299835e+00 -1.200419805380550597e+00 5.209627099810278494e+00 -2.363930511682623692e+00 -2.319859335624945729e+00 -2.329402792897818486e+00 -2.105418195644296553e+00 1.281848653252445069e-01 -7.045133008942734421e-01 -2.836112498211302402e+00 -1.555878970813158402e+00 -5.414287972872163124e+00 4.078082918536982682e+00 4.405936960458637586e+00 3.084557390334898355e-02 4.312383082472823759e+00
6.864967517274201958e-01 2.635915247998198208e+00 4.310757457327891728e+00 1.051987089411175580e+00 1.601394584496151907e+00 3.241262924865518702e+00 -8.456356891705817391e-01 4.993051795693079775e-01 7.374632646984459472e-02 -3.806512080356865280e-01 -3.259265674108144939e-01 1.542643598346788103e+00 5.160087996727924509e-01 -1.316611920233875965e+00 -4.265302273842439540e-01 -2.814260607584767815e+00 -4.817696283182882233e+00 -4.510871793930434137e+00 7.813989672211384407e-01 -5.120556020287297727e+00
-2.175636291918524812e+00 4.292065445732153428e+00 5.439759350702989549e-01 -3.723534763883338261e+00 6.304393870891891183e+00 -3.457435864842122619e+00 4.194718995852049215e-01 1.715847923924959328e+00 1.020192431577070957e+00 3.548526162821480923e-01 3.618894347999944139e-01 2.264691272949400869e+00 1.055952878424569752e+00 -7.859296703817134633e-01 2.762274176568087908e-02 -2.217930874637276339e+00 -3.705167499962385147e+00 -3.552550936906966328e+00 1.117426298886604386e+00 -4.024791064191140855e+00
-3.178573974621753395e-01 3.805071426680924684e+00 -3.002068621801121218e+00 1.534342868043751418e+00 3.541793863335641612e-01 9.308797227117920556e-03 8.731938636096597817e-01 1.307802434750550580e+00 -5.324943668797949003e-01 -2.678749490899743790e+00 -3.151516832585531613e+00 -1.685966478580914307e+00 -3.878091191369309243e+00 2.474337425291405879e+00 3.422606518101525275e+00 3.990346075194031727e-01 -7.152050781870470386e-01 -7.192318610986166982e-01 4.017627779393598608e+00 -1.237296990845145217e+00
4.051951707468836261e+00 4.592308234432350034e+00 6.083523954238304832e+00 3.218673473229745507e+00 -8.917645497029910162e-01 -2.385136818397964209e+00 -2.882125865336416570e+00 -2.876838163975423246e+00 2.553021935882513915e+00 -1.266409564794263587e-01 -5.499790639261847858e-01 1.333692326410425288e-01 -1.445272587079772242e+00 -5.868293783561589372e+00 -3.996779737073599126e+00 1.698423745672191121e+00 3.749365038837766950e-01 3.352664662652841687e-01 -4.474884231253888345e+00 -3.007993098311582125e-01
2.926125172808777819e-01 9.145691513208035195e-01 -8.207112769860732016e+00 1.231407744841701568e+00 1.965441408944593737e+00 -2.267463081913050793e+00 1.378290955694355224e+00 1.826206916516696366e-01 4.624165346824261391e+00 -1.124735415647087899e+00 -1.796493482201487746e+00 -2.162779749392156781e+00 4.369958390865718023e+00 8.912272764270435799e-01 9.536810161937369079e-01 -2.214500030061778535e+00 7.010886354382424024e+00 5.468524039035337125e+00 -3.921004997441098761e-01 2.630826262916396097e+00
2.292687960379654832e+00 -3.495376952581602747e+00 -7.029941878637251396e-01 4.767690463424563596e+00 4.356607854479104702e+00 -9.745198622251797227e-01 2.427509905148375946e+00 9.461432939217385707e-01 -5.025199442467791044e+00 -6.115624943534211377e-01 -1.266330017381981143e+00 -1.679784840539137125e+00 6.349208202710409310e+00 1.245569930310566953e+00 1.279988343835218645e+00 -1.867300226626150472e+00 -5.423256376560368075e+00 -7.030893762418823911e+00 -1.793320229212064520e-01 2.956080437662565785e+00
2.976720150664867504e+00 7.820939827394808752e+00 -3.939136700071248942e+00 -3.084480078015328086e+00 1.273953364609853089e+00 5.844558866794366203e+00 -1.659692307685310064e+00 -7.999416657932732377e+00 -8.222499612792308898e-01 1.404643270011002976e+00 6.090371322257115416e-01 -5.312110086758221189e-02 -2.553399455019535580e+00 3.007926798978669325e+00 2.868803564370317805e+00 -6.763117611041155053e-01 -2.775952115450404101e+00 -3.086145750576232416e+00 6.736481608448701142e-01 5.113737506977042990e+00
2.790446793611149001e+00 -1.803109018017938325e+00 -2.282317239752801985e+00 -1.288707478386619476e+00 -2.994468959946918751e+00 -2.153589265961954435e+00 -2.152617024921405608e+00 2.864909124913867622e+00 -3.914540378890669636e+00 -1.968865419749492363e+00 -3.586215834506425892e+00 4.070416951579558962e+00 5.245879716370726031e-01 -2.100522342232119755e+00 -2.528703093387086653e+00 1.543737010350156647e+00 -4.674051698300657476e-01 -7.172640744499992893e-01 2.731736868730829215e+00 -2.480506627420566268e+00
-9.436905534319641742e-01 -3.238629831989292551e+00 -1.245387086875848315e+00 5.674088964043883659e-02 1.189169099290386944e-01 -8.419952433559095839e-01 -3.482386390411752686e+00 9.888849037087251714e-01 1.779321034062246731e+00 2.001591998446478282e+00 6.165898821994657553e-01 -1.235862974423060701e+00 4.383924309896732652e+00 5.542999256376980322e-01 3.404215161539384665e-02 6.624755857964761852e+00 1.391342170958689506e+00 1.057904102246871147e+00 -4.469371695980652426e+00 -7.055009077082645685e-01
4.284170921766489171e-02 -8.243130280048787117e-01 2.088433370133234046e+00 2.015977573981676263e-01 -2.796568677402574199e+00 4.001560222972167402e+00 1.481524272446023693e-01 -6.828958798156531174e+00 -4.900275858776314664e+00 -7.774018407338913583e+00 2.504933302980760335e+00 1.437393291380547888e-01 -3.457891558284229117e+00 1.823805441221557411e+00 1.118447984442827448e+00 -3.283450226313957110e+00 2.454569201306798565e+00 2.002836909338070903e+00 -2.795222683163006927e+00 7.428329408486194097e-04
-1.854301725127688982e+00 1.637540619773145911e+00 5.313713617091056385e+00 1.254172631263805071e+00 -1.887277376530956285e+00 8.313154596788145057e+00 5.689463293140751832e-01 -4.385444572596865598e+00 -3.879911304894756441e+00 -5.036747187555399741e+00 2.863764563811987518e+00 3.360833026658786027e-01 -3.118105873161363562e+00 2.031821266488555988e+00 1.283544934079221322e+00 -3.033909707644444786e+00 2.634685895497028696e+00 2.155118366036240296e+00 -2.627681026861635516e+00 1.006206075097493130e-01
2.254431709023690278e+00 -1.008836774319904483e+00 -1.183192156912156845e+00 -8.636949166371632458e+00 2.441888691059681538e+00 -1.984888883427603945e+00 5.940025733700585731e-01 4.802754473050081963e+00 2.634654299193793126e+00 8.914286631337645650e-01 -7.622304313423832189e-01 -6.882229392781244570e+00 3.538117314375269773e-01 -2.817158905933130786e+00 -5.047404839853964376e+00 -2.664814486941795013e-01 -3.429979503906412486e+00 -4.497330477224386946e+00 -4.976426165871791762e-01 1.940143626159404278e+00
-6.269259408708474091e-01 -2.002582536361514065e-01 4.347353815691472612e+00 -5.010081479911422386e-01 -3.844857048828056900e+00 -1.973821181683424741e-01 1.994462973459560917e+00 -3.381849511410296660e+00 4.784451303564181579e+00 1.708820145967887560e+00 -6.699908294612813564e-02 -3.817400354254397943e+00 8.859338935476738230e-01 -2.095473726234595713e+00 -3.608736091450059025e+00 1.352741249151590275e-01 -2.772657176666897261e+00 -3.544180174585925158e+00 -1.777494979453672352e-01 2.339088805114275083e+00
-3.896366679168647540e+00 3.257994735679405895e-01 4.151945007866169463e-02 -4.342486605361215446e+00 1.025118952717273491e+00 3.090334612348002441e+00 2.609863586665969404e+00 -4.259199234189866345e+00 1.448667494498769415e+00 -1.097416097329137363e+00 -4.127620267879064109e+00 5.352674880215992914e-01 -4.337667998983729234e+00 1.074542951569553262e+00 -1.136268489610585269e-01 3.039078718024525561e+00 -2.231483385236855133e-01 -7.152966349125198242e-01 1.851178930241158094e+00 -4.663383255245501680e+00
-2.289083675391619277e+00 6.611752890269529281e+00 -1.121564187952763803e+00 9.670138084316557414e-01 -6.264386712118514389e+00 -2.628920953321099319e+00 -8.114538741811733402e+00 -1.677358498975214163e+00 3.181253044849491118e+00 -9.260361780943085486e-02 -2.367669709742524997e+00 1.347881025746361372e+00 -2.811294740756736577e+00 1.828528443983881813e+00 4.922661862200471417e-01 4.264039491129279824e+00 2.581061669391417346e-01 -2.431378079329463149e-01 2.414007869048978350e+00 -3.531091163748401041e+00
4.130790818115682939e+00 -8.853934479177789640e-01 -4.711181676797475126e-01 -1.943245449680799153e+00 -5.715615063906623661e+00 -5.387921794599296099e+00 1.083120262691475766e+00 2.999354953324643080e+00 -1.091361377823618861e+00 3.136283417508695770e+00 3.991127005359383917e-01 5.835734114843712739e+00 -5.102571407293855499e-01 7.720777221161779558e+00 2.412200828627149019e+00 -3.029426812757633591e+00 1.672070100911477120e+00 1.059947777195278551e+00 5.218505274295577756e+00 -1.812106045774438234e+00
-9.730215247255652455e-01 -8.339836892954345660e-02 -4.094602448495340496e+00 1.280289607602507207e+00 -1.529153222551733915e+00 -1.826946279245928784e+00 2.649884908131058037e+00 -6.051895919434621796e+00 -1.401734387828057760e-01 5.307245896252383410e+00 1.111889589931224220e+00 -4.344519293641862845e+00 1.126415517517271453e-02 -4.235414290668298776e+00 3.145544339472338802e+00 -2.393886849845596299e+00 2.123859302318318321e+00 1.444776615718458501e+00 -6.341254637479611489e+00 -1.457906695889189752e+00
3.451985939092314215e+00 5.308095750684101333e+00 1.942208196517169583e+00 -4.800249029525991418e-01 -1.101933637653922660e-01 -1.775563325863128927e+00 6.709443492418325494e-01 1.486494274903228163e+00 -4.726762786777901404e+00 -5.770886937531873873e-01 -4.106339944511656626e+00 -6.172970883677482146e-01 2.574653968869893284e+00 -9.426367840565069711e-01 -3.005199814223621591e+00 -3.986498251660834380e-01 7.102403262559168873e+00 3.764046742289925085e+00 -2.315309749845794407e+00 -9.772673280994755018e-02
-3.457433160199931410e-01 -1.985688100233077069e+00 -7.639735965090993730e+00 -3.338136849508083204e-01 -3.198117968777556719e+00 2.416454855167964322e+00 -6.693333987136451668e+00 -4.140910928144696967e+00 -1.076937452297555220e+00 1.170820072155529745e+00 -1.490688446560617608e+00 7.371455470503969210e-01 6.517197581926936323e+00 2.289318673583188024e-01 -1.540965494345420961e+00 5.423623321415838028e-01 -3.425734565152702693e+00 -5.623517643001338051e+00 -1.394552616511134158e+00 6.058907176557125629e-01
-1.652896084620534944e+00 5.935213436738764337e+00 -2.772856451251631604e+00 -9.281951482208404824e-01 4.811374998955948001e+00 -1.060592339725654254e+00 -2.494440822211227093e+00 -3.226431376448344324e+00 -2.154141871886131376e+00 -1.079260088804941287e+00 4.501277102937329744e+00 -3.004281921165792291e+00 -1.575219755001585620e-01 7.893643423432082251e+00 1.635709429526070124e+00 4.747973779962364027e+00 -3.418773563316299668e-01 -1.080213604106180947e+00 7.863225875882384752e-01 3.139552064919533425e+00
6.580086545326438996e-01 -1.875199459550054959e+00 -6.330053707691771780e-01 -7.767652170753612806e-01 7.177739706897443561e-01 3.504015520116952054e+00 7.215186589506191739e-01 -3.250633403591853682e-02 1.950959525774944581e-01 6.637445750948043344e-01 -2.686607077339213667e+00 -1.218792708241777323e+00 1.078597059066040531e+00 -2.804593147314758728e+00 3.151508065232064837e+00 -3.866281725054898644e+00 5.027527500390666093e-01 -2.412254583770275795e-01 1.598152876266371036e+00 5.128224153723149215e+00
-2.213055612973528596e+00 -4.206340474521143236e+00 -4.612874048056542442e+00 2.593060867860886631e+00 3.224873327037603321e+00 -3.199494995067575509e+00 2.156928748792669825e+00 1.115169777480060853e+00 1.150667282311279571e+00 1.452529280414478707e+00 -1.751586844625932393e+00 -6.119945229797694175e-01 1.662794914195300011e+00 -2.085396463188954996e+00 4.200441826316012595e+00 -3.024951515032045180e+00 8.743449501037177107e-01 1.077721757189796375e-01 1.986370726816379495e+00 -6.873843554162762715e+00
5.199078428556925147e+00 -2.593394715847959553e+00 1.100977569425471758e+00 -1.738842903352156855e+00 -2.884772615770373250e+00 -1.015717141118623212e+00 4.754525218079980853e+00 2.495646178239578461e+00 2.264899472572396988e+00 2.377069272424447544e+00 -9.788693542962103589e-01 -3.240337528987528165e-02 2.328995236458020202e+00 -1.481295205689981964e+00 7.299032983880422876e+00 -2.390277746420479854e+00 1.261743639523793092e+00 4.584247370091161233e-01 2.416281975402857718e+00 -4.657916647951826583e+00
-1.396627146314131540e+00 -1.559363886464154358e+00 -1.553191657589430008e+00 1.466362788125301631e+00 -5.232901283380829716e-01 6.474186872631381151e-01 -3.138927500344210308e+00 5.282707167140604732e+00 3.951446339838723176e+00 3.675512273765349835e+00 -2.739918402451783641e-01 5.458160345847384853e-01 3.159809326551511699e+00 -9.385843763731894773e-01 -4.413038961572601337e+00 -1.857894933168585005e+00 1.674496314889230453e+00 8.162967128973590558e-01 2.910961030030853713e+00 -3.756806062231063059e+00
-4.576516919216514490e-01 -4.352119038034587550e-01 -3.166522948772859003e+00 -2.933678620249270175e+00 2.283324398314140247e+00 3.596237902532457120e+00 -9.473069219658915019e-01 -2.563326171433124578e+00 -3.713519220947794075e+00 -4.880028444707615876e+00 6.468454663148679451e-01 1.359495545035916741e+00 5.146912798750661544e+00 -2.624980662781689622e-01 -2.999561909260558767e+00 -1.235633675426454747e+00 2.289543898075588224e+00 1.315988539857309014e+00 3.757744816390079734e+00 -2.951091560072164999e+00
-1.923529229964192178e+00 1.174949039283695429e+00 -9.277228348528903101e-01 -5.433242734942617780e+00 -1.136078005373929889e+00 -9.710961898104386592e-01 1.663525532470337076e+00 -1.286628498603756797e-02 -1.048172980509271879e+00 -1.915507406064941964e+00 2.222457354670381413e+00 2.892702932935570459e+00 -3.431330001759455683e+00 7.353557276150246569e-01 -1.715223103370948410e+00 -3.961008280704405582e-01 3.508196735502719488e+00 2.160216041155949451e+00 7.960189250750166146e+00 -2.062893988145527047e+00
8.249054909667233204e+00 -1.134233101261577392e+00 5.381468533347546490e+00 -3.130080570367101411e-01 8.394953345936713163e-01 6.905606751271261556e-01 3.596799359514005534e+00 1.136428187119617128e+00 -9.992997358064757696e-02 -1.070198780638905722e+00 3.334267384357185726e+00 4.129650933131373769e+00 -2.528144167528044051e+00 1.262491633087665210e+00 -1.197982307510536026e+00 6.500404055231050193e-03 4.480689337416661644e+00 2.661827521900223648e+00 -4.869916391740281014e+00 -1.689454635915989211e+00
3.269665164734830931e+00 -4.710664740165730890e+00 -2.879460880071685880e-01 8.581359251899427498e-01 -1.072841537969857928e+00 -2.205701895750404429e+00 -9.213988529091862167e-01 -3.975994497764380853e+00 2.740822423579085676e+00 9.269376760768324175e-01 -3.057200347921252614e+00 -2.995193689206970600e+00 -8.578864376137156356e-01 3.035063790142126017e+00 4.367160552693060555e-02 1.104069933628212263e+00 -3.987463032773755689e+00 4.881675448635203196e+00 -2.790079830884896861e+00 -8.060766701809870538e-01
2.521439019290425243e+00 -5.421341021726441833e-02 -1.487655810813116375e+00 -2.270682366942168073e+00 1.613915633924583926e+00 1.804644743016147745e-01 7.723247288150316692e-01 -1.561664646097387976e+00 -6.630002048467079412e+00 2.056110119317204443e+00 -1.742658617940556764e+00 -1.881862347737014662e+00 -1.532979860084292267e-01 4.691193222358720050e+00 6.528082258197591692e-01 1.710529769512040499e+00 -2.966900599356849799e+00 -5.609831912703895362e+00 -2.168273266804974675e+00 -3.971719268299788164e-01
1.146655312756251321e+00 3.090454219742970743e+00 -8.680721128531010411e-01 1.166796435728364001e+00 9.627923396738431450e-01 -1.478474172528887909e+00 -2.387632946893185615e+00 2.554152346807644580e+00 -3.960501601411655082e-01 -3.433519889244759149e+00 6.544208058573879327e-01 1.644854600717409465e-01 1.667810737764548135e+00 -2.540917655320103385e+00 2.421448129538057881e+00 3.899641217794368231e+00 -1.349880761225477510e+00 -2.508208141843830674e+00 -9.317839965275466207e-01 6.073298686353313380e-01
2.604953010412621062e+00 3.430592810547642202e+00 -7.274645727654199590e+00 -7.339240585215810464e-01 -4.624735611451968181e-02 -7.046352009984165887e-01 -8.185116206930211913e-01 1.222122005605107642e+00 2.339563406312604066e+00 5.575161046926799813e+00 -1.201416738686973407e+00 6.022010279594329774e+00 -4.933616294537429781e+00 -4.208804290872431575e-01 4.748834740275507116e+00 4.287779264300098703e+00 -2.069968161919893301e+00 -4.109705236445007515e+00 -2.620394768907598593e+00 -1.122221380209835528e+00
5.681815969949628453e+00 6.917550404281226362e-01 -2.754572104953510792e+00 -2.631835448213509565e+00 -1.258430207318700145e+00 4.546249108106167114e+00 4.706092272877512306e-01 1.670099490377495499e+00 1.223851963986168467e+00 1.216898790170840572e+00 5.848304050462904691e+00 1.748617752067381237e-01 2.012265463098919516e-01 3.723180511823696026e+00 -8.684486550401455673e-01 -1.378877428115168557e+00 5.068915869170346200e-01 -7.093963882325683423e-01 -1.730022548742509159e-01 9.196199680573150514e-01
1.582566609031279770e+00 -3.219967383662297067e+00 2.968803553094486070e+00 -2.214076978774972115e+00 7.839882103661536261e-01 -5.133384122816604389e+00 -7.674797573937219841e-01 -2.685812394890240706e-01 -1.665623785238563581e+00 -2.926184213152917213e+00 -4.749805482271798884e-01 3.674101101707721639e+00 3.183536031560401547e+00 -2.070329990719427471e+00 1.301358504768784785e+00 5.500767465470716155e-01 2.466463009616769231e+00 9.422861855930330099e-01 1.359097943454391499e+00 2.639509167023514902e+00
-4.927622112698359924e-01 -2.760827861622024315e+00 1.759513388502506936e+00 1.631304177499005859e-01 -4.583987543795939312e-01 1.708346190202109538e+00 4.021783954277407425e+00 4.301773914327962522e+00 1.238586156896557933e+00 -2.785013016473563696e-01 1.679218239840922555e+00 -2.968112709950174732e+00 -3.793464047520695548e+00 -4.170037303237016379e-01 3.169483878990531966e+00 1.880348005752452645e+00 4.983019877768245287e+00 2.165320742955280764e+00 2.577179826737894697e+00 4.691294622201762188e+00
-1.967386317632772830e+00 -3.784693196049342401e+00 5.452460152098269397e+00 -7.125670679098585758e-01 5.873497911313230624e+00 -2.436179904651472050e+00 -1.657978430806745784e+00 -1.868604442765448459e+00 4.177171015356139883e+00 1.226153023761009431e+00 3.921371283734513380e+00 -1.409196249886696339e+00 -2.031802839933745997e+00 5.777717646222350067e-01 7.608260697266064909e+00 3.057122609352418863e+00 -4.329341025126959508e+00 3.272860103452677638e+00 3.765393349763159314e+00 -5.084761383911917676e+00
-7.272726526715023176e+00 2.475931042718260700e-01 8.718779358152884962e-01 5.404167258258632422e+00 -1.067119742946527117e+00 1.576294977750134635e-02 1.004844485585892899e-01 -2.488594883047636208e-01 -3.530953220761898326e+00 2.437619472910809382e+00 -4.729117672266250239e+00 -5.908055590429579507e-01 -1.214406792796762335e+00 1.275212598080095461e+00 -3.936713152202710120e+00 4.295760041066322366e+00 -3.176251389146792725e+00 4.444814308538404646e+00 5.244717946634816386e+00 -3.750021098680858422e+00
1.953081327495629127e+00 1.059284763903030280e+00 -1.810457010956486590e+00 -5.641284999997215888e-01 9.065354605603997973e-01 1.758967471952268768e+00 1.407615346084407193e+00 8.851437202864399501e-01 -2.030792183527140971e+00 3.775873043212910396e+00 -3.004799776329311278e+00 -1.168738812851998626e-02 -6.654248740814087126e-01 1.852220506756750762e+00 -2.982719263320053660e+00 6.838864788644345438e+00 -2.572148898911030823e+00 6.707928439848138247e+00 -6.284075863079802815e+00 -3.123829015961769873e+00
3.324296726589434314e+00 1.445707332909048626e+00 -3.607821318829294466e+00 6.864087709019045747e+00 6.512301401216246788e+00 -4.748174997009134479e+00 4.090377534279584282e+00 2.736643362513985434e+00 -6.414576599298523751e-01 -4.703074193762187605e+00 -1.707117471131982755e+00 7.639677122863584025e-01 3.235291953822765770e-02 2.775149396405192537e+00 -2.081197137103689254e+00 -4.216283383333017554e+00 -1.913371964382088120e+00 -4.470552926186694087e+00 -4.115019225178307316e+00 -2.472253205718836444e+00
2.244932013671257387e+00 2.853966784381837929e+00 5.786840826600755383e-01 7.719478093216539660e-01 -7.005917162624671235e+00 5.306400083351432428e+00 9.782497472442065467e-01 -2.291498290080117017e-01 4.217477471339289963e+00 -2.700313511066409489e-01 1.167902049854213864e+00 4.190753610241833904e+00 2.352756268809929718e+00 -3.738718248689441026e+00 -9.756807186302694779e-02 -1.528670015978705443e+00 -3.357232086130937931e-01 -1.874865783487882798e+00 -1.890372558824835014e+00 -1.013472396596958092e+00
-5.209051408800201566e-01 1.890655716835713818e-01 -1.627585034931726959e-01 1.561782803049368784e+00 -2.249279876887367191e+00 1.320780931725403784e+00 1.491543173826421986e+00 -1.359665506089863918e+00 -3.015137368275281893e-01 1.244701062447164386e+00 2.283246763663653311e+00 3.287720209351769896e+00 1.101310585119663843e+00 3.741711011186781288e+00 -2.076992095978383635e+00 4.789799049006468579e+00 -4.757961072363160682e+00 2.670741282535838312e+00 2.130454054081095006e+00 2.968249465131894915e+00
-9.803705226737159384e-01 5.365773762715892126e+00 -1.346181948448889054e+00 -2.795594932337092331e+00 5.484338707335406626e-01 6.333576246526629205e+00 4.312103639968496438e+00 1.836565121713860105e-01 9.496100832256644253e-01 2.462154272280152600e+00 3.960319041560790509e+00 6.181108828507533737e+00 1.899391396604882543e+00 -9.122948429404576842e+00 -1.350749770955095519e+00 -5.293203644095640925e+00 -3.408831460344051489e+00 3.515529823127284015e+00 2.744353590248874042e+00 3.780919011391676410e+00
3.112659145483274603e+00 -5.781434025442083957e+00 1.209607530300451927e-01 -1.448057908794908810e+00 1.226964646107218782e+00 -4.168474469306361563e+00 7.313066952968620527e+00 5.603191690401752023e-01 1.282993110774548917e+00 2.841610690638017633e+00 4.694801347866987662e+00 -6.269430020347885879e+00 2.122054107009460733e+00 -5.598629122140645009e+00 -1.183954173037484514e+00 -4.665820860029908701e+00 -3.172428078449134770e+00 3.782603494444613634e+00 2.919019426712540888e+00 4.040555198539813375e+00
-6.306992363767880860e+00 2.362853586266427275e+00 4.059054783528312504e-01 -4.983798842769006754e+00 -3.178010126563443283e+00 -3.205344686013552602e-01 -1.542808587963103051e+00 2.832296639792521109e+00 3.504544013443369188e+00 -6.060173589245624548e+00 -3.411799971741098503e+00 -2.950208868135038909e+00 3.551879943151299734e+00 -3.053524359041883685e+00 -3.973365000109704837e-01 -3.007125562205839042e+00 -2.224848695866239900e+00 6.740078220013050903e+00 4.043786895606634069e+00 7.081716111155252236e+00
2.024000513505929799e+00 3.781169153394306370e+00 -2.410340216436909433e+00 -2.299433179985579390e-01 -6.922981565874820609e-01 1.367748873088645789e+00 -2.186733662591161531e-01 9.426903139186721958e+00 -5.560142931626406160e+00 -3.330145422753059137e+00 -2.274686293033387319e+00 -2.094041366675011506e+00 5.261493384624667868e+00 -2.281578991883820962e+00 5.651168416171723635e-02 -2.375880067642870852e+00 -1.762433724974112659e+00 -4.923624964098958223e+00 5.253556457738158159e+00 -5.077699332183666314e+00
3.437450750262750265e+00 -2.714221759204272555e+00 7.789358872694156055e+00 -4.410920692565687418e+00 2.061522414909909617e+00 7.001780449092607661e+00 1.519809811640282504e+00 -2.808327177446863221e+00 -2.394907411675908371e+00 -1.841929282894276376e+00 -1.169197988442159719e+00 -1.184784169619606642e+00 -4.244358560503763478e+00 -1.459247674686334539e+00 6.659999602996833357e-01 -1.682880045299643523e+00 -1.209978522131700096e+00 -3.523387923763336094e+00 -5.392163026149396465e+00 -3.746636694482271768e+00
-4.064063170510750389e+00 1.386775322157960712e-02 -7.001238285575573705e+00 -2.357340854777786099e+00 3.028611634996860147e+00 -4.048018113784009664e+00 2.027909689045812147e+00 -2.251462377675570448e+00 -1.979101189755664292e+00 -1.549245411839777598e+00 -9.242190985743978793e-01 -9.785909467172573262e-01 -3.772830288199782611e+00 -1.273929475262149280e+00 8.221768767938876232e-01 -1.525749956651007100e+00 -1.079545967926046846e+00 -3.283682675636157455e+00 -4.849186230630132322e+00 -3.518860579868956950e+00
-4.821522014318655458e+00 -2.323762083278297919e+00 1.064359497773033958e+00 -9.719347591439230216e-01 6.683721548343768415e-01 1.415097050868068029e+00 -2.602725515197095163e+00 9.691305343642003800e-01 6.427054892959155330e-01 4.830052281828243754e-01 9.385400261293387336e-01 5.775078912968629741e-01 -1.596365940470368505e+00 8.691200010025459943e-02 2.227972766944987804e+00 -3.859080348158917539e-01 -9.258363838070594876e-02 -1.872492951865275757e+00 -2.782382801569131203e+00 -2.189766018749054854e+00
-2.074635949383820233e+00 -1.863100748617410263e+00 -2.736402152674124899e+00 -3.313994152598219056e+00 1.423163754156083538e+00 3.132903468636831779e-01 3.389536350196798331e+00 -1.746882713148184774e+00 -3.416979961430001378e+00 5.905064843215812154e+00 -5.922962037468935570e+00 3.710526269280505662e+00 5.632552296380778367e-01 2.293946848468304101e+00 -4.940635721707122840e+00 1.261093231548308102e+00 1.405150793811668963e+00 -3.504329034140923893e-01 -1.153273810502183583e+00 -8.016834777925667677e-01
1.747247913637101746e+00 6.317823594901009754e-01 -9.637106341326093784e-01 -1.789057682119401749e+00 2.217533042851297154e+00 8.716227247487322582e-01 4.481129506464730738e+00 -1.314586724969576181e+00 -2.848012035670049347e+00 -5.979013705896051967e+00 -4.641840375088453818e+00 4.222052540910220308e+00 7.408619809503536047e-01 2.531187338901863093e+00 -4.359627183718794541e+00 1.410660860253616811e+00 1.542803942427489527e+00 -2.335771539512420114e-01 -1.039195209559539590e+00 -6.982488716071333368e-01
5.162026929193208602e+00 1.185559112098456547e+00 3.540273952214189279e+00 1.613634358700706928e+00 -4.530024850318586926e-01 -5.965212691864893557e+00 -6.669834365494086370e+00 -1.723177758810424898e+00 4.387955641785288741e+00 9.984027500591331483e-01 9.463386902476588203e-01 -5.749356320273303345e-01 -4.858155607919933061e+00 -2.055205921366689115e+00 -3.940954207540394716e-01 -5.278732318724259187e+00 -6.326197986057189304e+00 2.017553598870788889e+00 9.035828596885681074e-01 1.136014946165177619e+00
-4.403428038263522915e+00 7.450631998774301046e+00 -3.124417303549676728e+00 3.039007983433386073e+00 1.936065330147541674e-01 -3.717034862995991062e+00 -4.216622546133270255e+00 -1.292746351871004284e+00 6.001343125589057692e+00 1.263302783441050181e+00 1.192047023185407228e+00 -3.805289734901761700e-01 -4.231400141437086759e+00 -1.846037090736438069e+00 -2.422727683747891436e-01 -4.656009038805892786e+00 -5.336247950034531229e+00 2.170432507505551278e+00 1.015676595455122344e+00 1.245127171349208473e+00
4.252372499367534919e-01 -6.362215991975851637e+00 -1.207999838789237668e+00 -5.699128783879988447e+00 8.506349752683342036e-01 -2.684096984788936435e+00 -3.228657424617101146e+00 -8.904586523319576452e-01 -5.385930922595593806e+00 1.539797171131064069e+00 1.447113238664082591e+00 -1.879056345391453553e-01 -3.762588286222910305e+00 -1.646512986262053335e+00 -9.114547054866901921e-02 -4.201011384472881360e+00 -4.749598714025204949e+00 2.329933000529941900e+00 1.129389291529962369e+00 1.356125160143858421e+00
-1.404453820140457943e+00 -1.123701274753538204e+00 2.460144902367936703e-01 -2.757349821359167397e+00 1.557814831582748694e+00 -1.923434282204517842e+00 -2.528688263101981804e+00 -5.054951672828918996e-01 -4.134153202130445237e+00 1.831878802474499857e+00 1.714547159315190861e+00 3.849130037303423891e-03 -3.379095633283773825e+00 -1.454869188130301305e+00 5.972187546294274035e-02 -3.834406280114392551e+00 -4.316243882390008224e+00 2.497212091250745836e+00 1.244958042890226713e+00 1.469252643421091520e+00
1.360566311398448303e+00 -3.076761653337828362e-01 -2.647194582148497677e+00 6.682381490077753394e-01 5.920304825749203914e+00 -1.488850974064417076e-01 -9.978290725962507546e-01 6.215950466693331844e-01 -2.356763631270892390e+00 2.869678945914629686e+00 2.638789686626258568e+00 5.827968159413370319e-01 -2.490634594901869114e+00 -9.142160632924295482e-01 5.150919055856149065e-01 -3.002687702399974512e+00 -3.404624661836852084e+00 3.062406645877176814e+00 1.605569295321717771e+00 1.824308032811406299e+00
7.853395587255493915e+00 2.666093684630342242e+00 -4.335563903900564675e+00 -4.332915473350117175e+00 3.611714580107869832e+00 -1.870899450644385675e+00 4.662244049961867809e+00 -3.379737885947060594e+00 9.922574837129628511e-01 -2.474065180422215349e+00 -2.953410743013613171e+00 2.954552961872011885e+00 -4.759992685781161414e-01 7.592717812629936613e-01 2.232352426494246700e+00 -1.221765095184649041e+00 -1.616356670408734431e+00 -5.556362803137932183e+00 3.108479761612382930e+00 3.342932594197790319e+00
-4.268906844669356992e+00 3.108181437949903980e+00 3.668003004600923767e+00 -9.469129128448628974e-01 1.696093936233711963e+00 4.558032481153394322e+00 -1.189187378731042383e-01 6.417303768464520664e-01 -5.305969876035153909e+00 8.575582223301802393e-03 -4.376094365418373711e-01 -3.692401219870241835e+00 1.110415836629309760e+00 2.536915261317626680e+00 5.618518111142272176e+00 1.912036489978669040e-02 -4.529581760384522315e-01 -2.673425469909080032e+00 8.363952709924207696e+00 -6.770707649686498186e+00
4.672998277635738162e-01 -1.414190858413786334e+00 -3.022067923521234434e+00 8.332486968550771589e-02 2.551997643587888387e+00 -5.348830130184079046e+00 2.987186486162475285e-01 1.031853543985959298e+00 -4.095537289254930435e+00 2.533905000574349642e-01 -2.073516472462980931e-01 -3.282774177402929539e+00 1.299797243333352892e+00 2.793970138448712337e+00 8.049012547829047293e+00 1.529648533031513491e-01 -3.316213280761388105e-01 -2.496935367750260149e+00 -6.247336774004027760e+00 -5.674161466036217405e+00
2.542109527516915879e+00 5.553669470185369050e+00 3.030017237551640430e-01 2.354953651329933617e+00 8.316552959541915868e+00 -2.555254052627257355e+00 1.164324643949177673e+00 1.886778669150506849e+00 -2.803857635744113175e+00 7.507270240771498626e-01 2.505687402292145483e-01 -2.622106896799162534e+00 1.698016883943462618e+00 3.393534496069311235e+00 -4.925945210918750483e+00 4.219908651812662170e-01 -9.054585279059662595e-02 -2.170180943564993026e+00 -4.842333715697733965e+00 -4.636222371588692326e+00
-4.226115551197573983e-01 1.412558460409411021e+00 -2.560545578175944748e+00 -1.939508263271028543e+00 -2.491469978010035558e+00 -6.150977625758373701e-01 2.768605761940162946e+00 3.715819829259249918e+00 -1.555293581799064961e+00 1.549583168319832671e+00 9.541445554641291293e-01 -1.836866413363482886e+00 2.370686554963861603e+00 4.785137079574041330e+00 -3.551531422734306442e+00 8.336554711823400687e-01 2.703799308208780228e-01 -1.727830590627410734e+00 -3.823421189330906245e+00 -3.743257646134510175e+00
-5.148358183257209397e+00 -2.197627793807238883e-01 5.902725978288138053e-01 2.282504255910629831e-01 -9.310385178125016870e-01 4.827914066809032012e-01 4.760463285243559994e+00 -6.249689845143049816e+00 -8.777265454792309018e-01 2.156224876823345404e+00 1.455528831225609832e+00 -1.385791544199127090e+00 2.905052888059450389e+00 -8.279167739549897931e+00 -2.965981723878175824e+00 1.117701643528819622e+00 5.131018808064337078e-01 -1.455427700733181062e+00 -3.350766204507385382e+00 -3.309079251135210953e+00
6.936295578600566447e-01 4.304555434457325858e-02 -1.727688697766346593e+00 2.792846206460477099e+00 -2.406232767786133930e+00 -1.767710429218927848e+00 -9.436898380675289022e-02 -9.040549189274385555e-02 2.084765854334341473e+00 -3.816657386574302535e+00 6.288995085069302604e+00 3.935271906519256513e-01 -4.218529935973678313e+00 -2.270977424109136500e+00 -1.176951033576754568e+00 2.626475082706033248e+00 1.686645936933956369e+00 -3.485129516141506345e-01 -1.886425168388578655e+00 -1.927606134447222175e+00
-3.950729484071094699e+00 -9.366099231744379194e-01 -7.851987510754914190e-01 3.352003360667180409e+00 4.942536406056888820e-01 -5.294563891957833057e-01 -9.198772748936764332e-01 -1.652774154348932711e+00 -5.455488846550413662e-01 7.594630800472869092e-01 -1.999549570879754212e-01 4.975922307121854793e+00 -4.717220431398161939e-01 4.259303398076274005e-01 1.149751632390387357e+00 -3.517385385661605302e+00 5.738073178962083354e+00 1.457817226552614143e+00 -1.682554991076536666e-01 -2.909002882036086368e-01
-3.108908485322080528e-01 6.617315104431081840e-01 -4.366458434272917355e-01 1.993764663414124838e+00 -3.280216668512456746e+00 3.428793463299947497e+00 1.694505564590150781e+00 6.820998973166769730e-01 1.357720425507377149e+00 2.511788684661054205e+00 1.208191958413414202e+00 -3.272638733785033338e+00 5.718620131668948892e-01 1.478227691496178497e+00 2.236737445057298768e+00 -2.183767579377701828e+00 -3.960140340891046051e+00 2.332609054751986655e+00 4.688914107785129848e-01 3.093668251974956984e-01
-5.349957941237897252e-01 -1.514274090709192055e+00 -3.342443248193272431e+00 4.028716385103900066e+00 2.935746722440233381e+00 6.094619843792395408e-02 -2.385572821935117105e+00 -5.862082253582688196e+00 -5.157697444304668366e+00 -3.795808839852088390e+00 4.040550721513362475e+00 -1.167844224058437907e+00 2.138857165967940510e+00 3.401423288990172100e+00 4.815851256297476013e+00 -9.313044089024044014e-01 -2.219302633439436789e+00 4.099320659501466402e+00 1.364418302656536186e+00 1.137539682127287399e+00
-2.020647948390369208e+00 -2.163890776217422651e+00 -1.024042134064698351e+00 2.384313651273743950e+00 -6.868107994259537996e-01 5.325272359678016265e+00 3.728378838254026717e-01 -1.206134964208434690e+00 -1.524207696257509514e+00 -1.510213583717560537e+00 -3.351493030010349372e+00 1.420684439957736224e-02 4.004369547391865680e+00 -5.519276226654678652e+00 -3.903171763821629892e+00 -1.121553028242698313e-01 -1.338479723104934127e+00 -5.543300846883274069e+00 2.134651234047185042e+00 1.826040001271890034e+00
-8.872378653126355985e-02 3.450975316844528962e+00 1.985515764437809194e+00 -3.522355843339093795e+00 6.137187061021872614e-01 -3.187287224853561085e+00 1.244910393703994478e+00 -4.258631145811503371e-01 -8.496425742349825727e-01 -9.712226987860397287e-01 -2.561802404285704604e+00 3.987570633336844916e-01 5.334616873242303825e+00 -4.132103337099383822e+00 -3.235204614394030731e+00 1.554925726318875934e-01 -1.075166047926918500e+00 -4.450729613899772730e+00 2.427676025860833864e+00 2.079547857832296565e+00
2.006152822426324089e+00 -1.217490400302909670e+00 2.366913333931552899e+00 2.597559400087391612e+00 -4.688407957211198962e+00 1.029157577567861720e-01 5.095866806199502719e+00 1.510281649109175062e+00 7.116670142006623623e-01 2.703233776238497810e-01 -1.137130242740787667e+00 1.412049328640451851e+00 -3.742250982685477734e+00 -2.500855891644724327e+00 -2.064404410353545050e+00 8.362918454825842840e-01 -4.508952929173815072e-01 -3.058648549972008190e+00 3.313023553030417290e+00 2.804894713736797218e+00
5.235461432635687418e-01 3.958878770716712792e-01 2.386288644048903063e+00 1.469741425862918449e+00 6.738509122721723088e-01 5.595411919113842281e+00 -1.318092450632960322e+00 -5.703366731975187065e+00 3.058136919173622292e+00 1.863183678480589300e+00 2.653853376243336948e-01 2.972485712828228266e+00 -2.004601086071529981e+00 -1.261211094956821599e+00 -1.010909951093791781e+00 1.728747834168411046e+00 2.724260469821207509e-01 -2.014855484424942222e+00 5.271388975674986987e+00 4.048374205796990921e+00
-1.295820630609557433e+00 3.454010221374535838e+00 -4.932891910837152061e+00 2.826702033489154609e+00 1.363026904890921598e+00 -4.424076521308037968e+00 -8.682985323887079110e-01 -4.081458619804210208e+00 3.684857809220624780e+00 2.178839765394051220e+00 4.962342371387085671e-01 3.328774740980347868e+00 -1.788070347857507514e+00 -1.081542950056924024e+00 -8.516417723270183204e-01 1.892959289528329370e+00 3.934368785784027600e-01 -1.867751236831983741e+00 6.047389627479245355e+00 4.348711108689089500e+00
2.988793434603666643e+00 9.366099231744374753e-01 4.311364184538806765e-01 -2.472126114123681440e+00 -1.934121162265849403e+00 -9.199083376338380580e-01 -8.426181062203468297e-01 5.288632526270356848e+00 1.049475617629154200e+00 -9.622853711198682269e-01 -3.336652438133129284e+00 -1.162206901775084456e+00 1.309179061464320393e+00 1.876154362276696741e+00 1.849148947534591025e+00 -4.185860890014294178e+00 2.853148437657015979e+00 2.356771306549641232e-01 -2.018717650250644535e+00 -2.615569023750857536e+00
2.151285602565962574e+00 -2.046522371973755305e+00 -4.691852450638511307e+00 -1.056961236699248019e+00 5.511014057483611950e+00 6.373806510075437082e+00 2.973949177976712654e+00 -7.674425105134494718e-01 6.883134093780078011e+00 1.034372863578158830e+00 -8.853945653457874210e-01 4.039882997009839327e-01 3.231674041647679907e+00 4.227223463419288230e+00 3.855594062494827057e+00 -2.180368788895532983e+00 5.754110744364433927e+00 1.200289988455990109e+00 -1.035816638910401766e+00 -1.563343072302048276e+00
-7.052298046009253252e-01 -4.666549153177857789e+00 1.078984982424348038e+00 2.211785437257829834e+00 -1.860740918132140820e+00 -2.140675224275035760e+00 -5.184374287872597797e+00 3.623039378158859347e-01 -3.255748569149705229e+00 1.873669372469322303e+00 -1.851656273787161133e-01 9.977832060858019547e-01 4.560542062900265314e+00 -7.838235713500918855e+00 5.665451623120581814e+00 -1.673850516397962451e+00 -5.312291923529794957e+00 1.594469531906207438e+00 -7.028341203726790054e-01 -1.224927607184476130e+00
-1.173956895747744422e+00 -4.304555434457364715e-02 -8.100512359728342937e-02 -9.033010543997582742e-01 8.562097366732958070e-01 2.289976981686561164e-01 -1.744440386369903173e+00 2.011295202590093645e+00 -1.493304844083826355e+00 3.381862126008535085e+00 7.380729589808867619e-01 1.872093454366288379e+00 -4.803749062882411991e+00 -3.693274117679910873e+00 -4.328311964783615018e+00 -1.071048183068329385e+00 -3.657656264533533985e+00 2.175551371120346023e+00 -2.728175260656619527e-01 -7.987557576395959424e-01
2.460219199992129013e+00 2.197627793807226948e-01 -9.492971138128187825e-01 1.329556912959132475e+00 -3.883699613814302620e-01 -2.085221032396529228e+00 2.361430320600096611e+00 -2.016482475429759003e+00 1.403012624651152285e+00 -2.425000783519729808e+00 3.518657626470972577e+00 6.499891648111623788e+00 -1.782922800249570061e+00 -1.441754566574062091e+00 -1.868216577033908754e+00 1.580204161540997854e-01 -1.903142985436689694e+00 4.104774616283002331e+00 6.866538195992586413e-01 1.104724819677355557e-01
-4.787091935855162239e-01 1.029592349192057998e+00 5.261624841116470996e+00 -3.188231257398957297e+00 1.632756788898611866e+00 -2.751042272073004891e-01 5.523490520244950019e+00 -7.470864390182327952e-01 2.594455415812023880e+00 -1.490805453449126627e+00 6.583151431319004487e+00 -4.152543270454710722e+00 -1.186715517674558740e+00 -9.021043320194286341e-01 -1.336378410730668875e+00 5.629432326947702014e-01 -1.472137624158578406e+00 5.584163220791633186e+00 1.019046436598167293e+00 4.114607257300259002e-01
8.662611304273584167e-01 -1.028053010176700699e+00 -5.958385946736362015e-01 4.155229086641449854e-01 6.673376791823940835e+00 1.418755526510733445e+00 -2.877279569293448080e+00 3.821141457375851758e-01 4.678223502636213560e+00 -6.981579724604728421e-01 -3.830095812330928329e+00 -2.905958198139615423e+00 -6.394368095928643081e-01 -3.936696797798167058e-01 -8.482840201980963446e-01 9.798077221313009622e-01 -1.072977055032097615e+00 -5.530356052707650072e+00 1.366192828154780159e+00 7.171956648587864969e-01
-9.363737627230083183e-01 1.414190858413785667e+00 8.386296313847093620e-01 1.493451066066624033e+00 -3.791859150683811741e+00 2.080012559331862576e+00 -2.248319335572773081e+00 7.632665920804417858e-01 7.176611465181192528e+00 -4.485291484423639674e-01 -3.321903141439520812e+00 -2.598322784006796837e+00 -4.631708173838005038e-01 -2.277688444240989762e-01 -6.917236332100857865e-01 1.123161587375374415e+00 -9.449073779672387818e-01 -4.897822432504910672e+00 1.486364337087879850e+00 8.208174082451191733e-01
4.508186060511780724e+00 3.276383968977218952e+00 5.621984826904635746e+00 8.829046378050005028e-01 3.921909165466595404e+00 -1.371935714745657453e+00 -3.404944367823271589e-01 1.601675496081593986e+00 3.780911227197841118e+00 -2.785825176397963787e+00 2.355529244037548597e+00 1.878545390830681949e+00 4.576085080066642163e+00 4.833966842886684212e+00 2.933983728503137822e+00 -4.626904889611986427e+00 1.691514500579553992e+00 -8.200748176526001521e-01 -6.211622445878983712e+00 3.791254360291669290e+00
-5.009529152317027112e+00 -1.314242841270271356e+00 -5.564282081012200010e+00 2.047120068552000571e+00 -6.037873736841490313e+00 -7.845605173907378438e-01 7.738380724433817359e-02 2.062200227077822134e+00 4.731683657651118757e+00 -2.412848429525463523e+00 2.696337925560982285e+00 2.124725462194650305e+00 5.385421924983075037e+00 5.782059186613841995e+00 3.205824940771312193e+00 -4.178330471098668397e+00 1.837504526846459818e+00 -6.995694859858451187e-01 -5.363283740654190446e+00 4.052295338159702887e+00
-2.775000509236148272e+00 -1.185559112098456547e+00 2.638768951365524806e+00 -1.034828565595792949e+00 -8.638170526016196726e-01 1.470511975122337001e+00 1.874123987099385102e+00 5.672952622610989870e+00 -3.204297324497758392e+00 -1.207339132797251580e+00 4.913191043808454062e+00 3.349567484031669817e+00 -4.180434223479581490e+00 -4.109936794596100285e+00 4.843431472250038894e+00 -2.989418260708968322e+00 2.481391891150816598e+00 -2.278420493126062929e-01 -3.815559842084164544e+00 5.830464776638730307e+00
1.191903471623161792e+00 1.251166316508921517e+00 -4.292009164262027276e+00 6.327555895843421045e-04 -2.062283748502896363e-01 2.140014169417906231e+00 2.431683824818200002e+00 -5.201497102534410111e+00 -2.675313286267929858e+00 -9.444393993116937391e-01 6.699284197955968523e+00 3.772639987549036622e+00 -3.722105336857884250e+00 -3.684298958319390138e+00 5.689515794566616158e+00 -2.765000471301632956e+00 2.663106245534582861e+00 -1.113981891158759285e-01 -3.567608161447855863e+00 7.183091390621442862e+00
-6.198320738316033252e-01 -3.390353589451571281e+00 -1.779932090661454858e+00 1.036181793895334158e+00 4.402541820985662047e-01 2.959289607436645042e+00 3.105053970124936225e+00 -3.870506297425436948e+00 -2.226496181493387461e+00 -6.894702621470164550e-01 -5.574442270647454123e+00 4.302648677796730325e+00 -3.344903270240906945e+00 -3.328855262817374427e+00 8.869093370930322351e+00 -2.556765462502466058e+00 2.856538074603277799e+00 4.857088642263745516e-03 -3.344402748961806449e+00 -6.722338215072666046e+00
7.222054326746917274e-01 -2.123089299336545110e+00 3.114414495409529415e+00 -3.758945385999517441e+00 2.750361820415250680e+00 -3.810289085051940194e+00 -4.831953061967215746e+00 -1.966156315679721933e+00 -1.120295035033084252e+00 5.072939103885704820e-02 -3.307243627340029413e+00 -5.949746665765370146e+00 -2.465869779261856909e+00 -2.489539103049381197e+00 -4.317990549014354862e+00 -2.001239648858091691e+00 3.539174497914073569e+00 3.544621807632069577e-01 -2.774706322317181950e+00 -4.625476743575990923e+00
6.083128294328210561e-01 1.612768227917172059e-01 -5.216224102576378918e+00 -5.822132292078513460e-01 -1.437471396817064706e+00 -1.278296943290752719e+00 6.135097472563202814e+00 -3.821010297799103839e+00 -1.014248460184896850e+01 -4.395948442368287523e+00 9.932844636551744211e-01 -3.544152782875937824e-01 5.847821501182297599e-01 4.375683653185738486e-01 -6.884171612256245743e-01 2.947650116759523153e-01 -2.743170308752034714e+00 2.505663673665730506e+00 -7.012053402582569817e-01 -1.679378766828490077e+00
-5.068274038539084536e-01 3.714444770480086699e+00 1.586538250001877648e+00 -2.627286318677409138e+00 -3.026582330507591664e-02 -1.232004093907588249e+00 1.935679320679952964e+00 2.113782177583421351e+00 4.656651738648661110e-01 5.916120543585369485e-02 -4.453787771089708691e+00 2.395576983263140836e+00 3.608257760006705617e+00 3.104323024442895207e+00 1.326384704087143485e+00 2.249479487172723946e+00 -8.166234635621811844e-01 -5.517526071095999463e+00 6.882805425842696279e-01 -2.880726559504302453e-01
-1.164367085284381265e-01 -2.240958015024327565e+00 7.913310624861421561e-01 6.921608623988412035e+00 -2.753471261971766726e+00 -5.259200998291825302e-01 -3.374095917542967893e+00 3.371531558702811182e+00 -1.416150378779307051e+00 3.451812010566763789e+00 -1.097249556313393049e+00 3.370542838754652326e+00 3.256097803405164193e+00 2.326060554824466831e+00 7.584238082665453740e-02 2.973028382732892938e-01 -4.290323744808254069e+00 1.332997702869227252e+00 -2.448148112638780294e+00 -5.642947849309640773e+00
1.913725168558679579e+00 -2.475931042718265140e-01 -3.078886757636841942e+00 -1.810751198121139049e+00 -3.180911497887872752e-01 -1.563961588394106483e+00 -1.986633696573048447e+00 2.769845104144370573e+00 3.952993133954185723e+00 -2.731566215723375102e+00 3.098805075285350208e-01 3.381100367491922665e+00 2.167031408352723343e+00 1.132567194869052107e+00 -1.496400230270573228e+00 -1.994761217516225038e+00 1.416683604622497095e+00 -1.580867343438477013e+00 1.868824420326242963e+00 3.136117805814067072e-01
-1.377106991083026255e+00 1.685480574625660255e+00 5.578490736079748658e-01 -1.636521195273477947e+00 -3.627088063338892887e+00 2.683318256239340283e+00 1.112684168710969645e+00 -2.305799034066919440e+00 -2.135498282438847095e+00 -6.547835091446034816e-01 2.084440867707116229e+00 -4.092618989124575890e+00 4.623562879362507871e+00 2.571503860542781794e+00 -3.745907669009771457e-01 -9.206527524513101746e-01 2.487382830404081258e+00 -6.956410949671126831e-01 2.932502999414808187e+00 1.034580766657570816e+00
-2.848767661571764975e+00 -2.321743497541561840e+00 -2.400939431577994443e-01 6.470017772889397056e-01 -5.982324794599312767e+00 7.441380718833700003e-01 -1.955359535116639957e+00 1.765816344142112415e+00 1.165875505899726772e+00 1.937135334650785357e+00 -3.739789581929641837e+00 -1.134088890716915099e+00 -2.447419544200154284e+00 -4.612574763028259639e+00 1.167277705764918849e+00 4.347562665372592949e-01 5.803366470042313985e+00 4.758083908591504430e-01 9.081734398904991679e+00 2.218454247450034167e+00
-6.044530239938336713e+00 -1.861311248074966063e+00 4.550529783853956900e+00 -1.123755774823655074e+00 -3.375024223911383459e+00 2.324845599808708085e-01 4.667867502774926791e+00 -9.525894807288168842e-01 -2.551194859081887145e+00 -2.718157866867655148e+00 -1.408263755875417134e-01 1.232937859164195737e+00 -9.841378956055975291e-02 -1.240070174688040039e+00 3.888536756639663139e+00 2.256411937282192692e+00 -2.550665067280241782e+00 2.029859352106313963e+00 -2.603460740286117403e+00 4.725019141040307069e+00
