1.999999999999998741e-03
2.999999999999997894e-03
2.999999999999997894e-03
9.999999999999993703e-04
4.999999999999996635e-03
9.999999999999993703e-04
2.999999999999997894e-03
8.999999999999995851e-03
3.400000000000000244e-02
2.999999999999999889e-02
5.999999999999995788e-03
2.299999999999999961e-02
9.999999999999993703e-04
2.800000000000000058e-02
4.800000000000000100e-02
2.999999999999997894e-03
9.999999999999993703e-04
9.999999999999993703e-04
9.999999999999993703e-04
9.999999999999993703e-04
9.999999999999993703e-04
1.999999999999998741e-03
1.699999999999999775e-02
2.899999999999999800e-02
9.999999999999993703e-04
9.999999999999993703e-04
6.999999999999995809e-03
1.599999999999999686e-02
5.999999999999995788e-03
2.499999999999999792e-02
1.999999999999998741e-03
2.999999999999997894e-03
9.999999999999993703e-04
9.999999999999993703e-04
1.499999999999999598e-02
1.199999999999999505e-02
2.999999999999997894e-03
1.999999999999998741e-03
9.999999999999993703e-04
7.999999999999994962e-03
1.099999999999999589e-02
1.999999999999998741e-03
9.999999999999993703e-04
9.999999999999993703e-04
9.999999999999995004e-03
1.999999999999998741e-03
3.999999999999997481e-03
3.099999999999999978e-02
3.999999999999997481e-03
3.999999999999997481e-03
7.999999999999994962e-03
1.099999999999999589e-02
7.999999999999994962e-03
3.999999999999997481e-03
7.999999999999994962e-03
7.999999999999994962e-03
4.200000000000000261e-02
1.999999999999998741e-03
1.299999999999999593e-02
1.599999999999999686e-02
1.399999999999999682e-02
2.999999999999997894e-03
2.999999999999997894e-03
5.999999999999995788e-03
9.999999999999993703e-04
5.999999999999995788e-03
1.599999999999999686e-02
9.999999999999993703e-04
9.999999999999993703e-04
9.999999999999993703e-04
9.999999999999993703e-04
9.999999999999993703e-04
3.999999999999997481e-03
5.300000000000000544e-02
4.999999999999996635e-03
6.999999999999995809e-03
9.999999999999993703e-04
9.999999999999993703e-04
9.999999999999993703e-04
1.199999999999999505e-02
1.099999999999999589e-02
9.999999999999993703e-04
9.999999999999993703e-04
9.999999999999993703e-04
1.999999999999998741e-03
1.699999999999999775e-02
2.999999999999997894e-03
1.599999999999999686e-02
2.800000000000000058e-02
3.200000000000000067e-02
6.999999999999995809e-03
3.999999999999997481e-03
7.999999999999994962e-03
9.999999999999995004e-03
1.199999999999999505e-02
5.999999999999995788e-03
1.299999999999999593e-02
3.999999999999997481e-03
1.999999999999998741e-03
1.099999999999999589e-02
1.299999999999999593e-02
3.999999999999997481e-03
7.999999999999994962e-03
3.999999999999997481e-03
9.999999999999993703e-04
9.999999999999993703e-04
2.999999999999997894e-03
9.999999999999993703e-04
9.999999999999993703e-04
6.999999999999995809e-03
1.999999999999998741e-03
1.399999999999999682e-02
2.999999999999997894e-03
2.800000000000000058e-02
2.999999999999999889e-02
2.999999999999997894e-03
2.999999999999997894e-03
